OID_,gml_id,beginLifes,conditionO,beginning,end,endLifespa,informatio,reference,localId,namespace,horizontal,horizont_1,horizont_2,referenceG,currentUse,numberOfBu,numberOfDw,numberOfFl,documentLi,format,sourceStat,officialAr,value,value_uom,AREA,MEAN,Usable_SR_MWh,Elec_Prod_MWh,Shape_Length,Shape_Area
1,ES.SDGC.BU.002200100YJ27E,2003/01/27 00:00:00.000,declined,1900/01/01 00:00:00.000,1900/01/01 00:00:00.000, ,https://www1.sedecatastro.gob.es/CYCBienInmueble/OVCListaBienes.aspx?rc1=0022001&rc2=00YJ27E,002200100YJ27E,002200100YJ27E,ES.SDGC.BU,0.100000000000000,m,footPrint,1,1_residential,1,1, ,http://ovc.catastro.meh.es/OVCServWeb/OVCWcfLibres/OVCFotoFachada.svc/RecuperarFotoFachadaGet?ReferenciaCatastral=002200100YJ27E,jpeg,NotOfficial,grossFloorArea,356,m2,150.000000000000000,1185.388214110000035,177.808232116499994,24.466412739230396,56.050627632644968,180.598029994978816
2,ES.SDGC.BU.002200200YJ27E,2003/01/27 00:00:00.000,functional,1900/01/01 00:00:00.000,1900/01/01 00:00:00.000, ,https://www1.sedecatastro.gob.es/CYCBienInmueble/OVCListaBienes.aspx?rc1=0022002&rc2=00YJ27E,002200200YJ27E,002200200YJ27E,ES.SDGC.BU,0.100000000000000,m,footPrint,1,1_residential,1,1, ,http://ovc.catastro.meh.es/OVCServWeb/OVCWcfLibres/OVCFotoFachada.svc/RecuperarFotoFachadaGet?ReferenciaCatastral=002200200YJ27E,jpeg,NotOfficial,grossFloorArea,195,m2,93.750000000000000,1212.048726400000078,113.629568100000000,15.635428570560000,51.560343370812873,123.112743493055603
3,ES.SDGC.BU.002200300YJ27E,2016/10/04 00:00:00.000,functional,1900/01/01 00:00:00.000,2009/01/01 00:00:00.000, ,https://www1.sedecatastro.gob.es/CYCBienInmueble/OVCListaBienes.aspx?rc1=0022003&rc2=00YJ27E,002200300YJ27E,002200300YJ27E,ES.SDGC.BU,0.100000000000000,m,footPrint,1,1_residential,1,1, ,http://ovc.catastro.meh.es/OVCServWeb/OVCWcfLibres/OVCFotoFachada.svc/RecuperarFotoFachadaGet?ReferenciaCatastral=002200300YJ27E,jpeg,NotOfficial,grossFloorArea,149,m2,56.250000000000000,1203.545749240000077,67.699448394749993,9.315444099117599,51.995541256564529,91.074824856295919
4,ES.SDGC.BU.002200400YJ27E,2016/08/11 00:00:00.000,functional,1900/01/01 00:00:00.000,1900/01/01 00:00:00.000, ,https://www1.sedecatastro.gob.es/CYCBienInmueble/OVCListaBienes.aspx?rc1=0022004&rc2=00YJ27E,002200400YJ27E,002200400YJ27E,ES.SDGC.BU,0.100000000000000,m,footPrint,1,1_residential,1,1, ,http://ovc.catastro.meh.es/OVCServWeb/OVCWcfLibres/OVCFotoFachada.svc/RecuperarFotoFachadaGet?ReferenciaCatastral=002200400YJ27E,jpeg,NotOfficial,grossFloorArea,100,m2,43.750000000000000,1184.926112580000108,51.840517425375012,7.133255197731601,57.073563712768035,100.962032072702556
5,ES.SDGC.BU.002200500YJ27E,2003/01/27 00:00:00.000,functional,1910/01/01 00:00:00.000,1910/01/01 00:00:00.000, ,https://www1.sedecatastro.gob.es/CYCBienInmueble/OVCListaBienes.aspx?rc1=0022005&rc2=00YJ27E,002200500YJ27E,002200500YJ27E,ES.SDGC.BU,0.100000000000000,m,footPrint,1,1_residential,1,1, ,http://ovc.catastro.meh.es/OVCServWeb/OVCWcfLibres/OVCFotoFachada.svc/RecuperarFotoFachadaGet?ReferenciaCatastral=002200500YJ27E,jpeg,NotOfficial,grossFloorArea,217,m2,118.750000000000000,1180.317395660000102,140.162690734625016,19.286386245084401,69.741392453733908,159.936284989896023
6,ES.SDGC.BU.002200600YJ27E,2016/03/15 00:00:00.000,functional,1910/01/01 00:00:00.000,1910/01/01 00:00:00.000, ,https://www1.sedecatastro.gob.es/CYCBienInmueble/OVCListaBienes.aspx?rc1=0022006&rc2=00YJ27E,002200600YJ27E,002200600YJ27E,ES.SDGC.BU,0.100000000000000,m,footPrint,1,1_residential,1,1, ,http://ovc.catastro.meh.es/OVCServWeb/OVCWcfLibres/OVCFotoFachada.svc/RecuperarFotoFachadaGet?ReferenciaCatastral=002200600YJ27E,jpeg,NotOfficial,grossFloorArea,89,m2,50.000000000000000,1175.811340329999894,58.790567016499999,8.089582021470399,38.533131637226738,89.184763747600385
7,ES.SDGC.BU.002200700YJ27E,2008/10/20 00:00:00.000,functional,1910/01/01 00:00:00.000,1910/01/01 00:00:00.000, ,https://www1.sedecatastro.gob.es/CYCBienInmueble/OVCListaBienes.aspx?rc1=0022007&rc2=00YJ27E,002200700YJ27E,002200700YJ27E,ES.SDGC.BU,0.100000000000000,m,footPrint,1,1_residential,1,1, ,http://ovc.catastro.meh.es/OVCServWeb/OVCWcfLibres/OVCFotoFachada.svc/RecuperarFotoFachadaGet?ReferenciaCatastral=002200700YJ27E,jpeg,NotOfficial,grossFloorArea,103,m2,62.500000000000000,1199.038134769999942,74.939883423124996,10.311727959021999,40.693189002626404,98.985237506172197
8,ES.SDGC.BU.002200800YJ27E,2016/08/11 00:00:00.000,functional,1910/01/01 00:00:00.000,1910/01/01 00:00:00.000, ,https://www1.sedecatastro.gob.es/CYCBienInmueble/OVCListaBienes.aspx?rc1=0022008&rc2=00YJ27E,002200800YJ27E,002200800YJ27E,ES.SDGC.BU,0.100000000000000,m,footPrint,1,1_residential,1,1, ,http://ovc.catastro.meh.es/OVCServWeb/OVCWcfLibres/OVCFotoFachada.svc/RecuperarFotoFachadaGet?ReferenciaCatastral=002200800YJ27E,jpeg,NotOfficial,grossFloorArea,207,m2,87.500000000000000,1143.773053849999997,100.080142211875000,13.771027568354000,90.025984635316775,183.029130743473303
9,ES.SDGC.BU.002200900YJ27E,2003/01/30 00:00:00.000,functional,1916/01/01 00:00:00.000,1916/01/01 00:00:00.000, ,https://www1.sedecatastro.gob.es/CYCBienInmueble/OVCListaBienes.aspx?rc1=0022009&rc2=00YJ27E,002200900YJ27E,002200900YJ27E,ES.SDGC.BU,0.100000000000000,m,footPrint,1,1_residential,1,1, ,http://ovc.catastro.meh.es/OVCServWeb/OVCWcfLibres/OVCFotoFachada.svc/RecuperarFotoFachadaGet?ReferenciaCatastral=002200900YJ27E,jpeg,NotOfficial,grossFloorArea,52,m2,81.250000000000000,1211.557898889999933,98.439079284812493,13.545217309590198,54.995230889690490,109.089422998929663
10,ES.SDGC.BU.002201000YJ27E,2009/09/30 00:00:00.000,functional,1910/01/01 00:00:00.000,1910/01/01 00:00:00.000, ,https://www1.sedecatastro.gob.es/CYCBienInmueble/OVCListaBienes.aspx?rc1=0022010&rc2=00YJ27E,002201000YJ27E,002201000YJ27E,ES.SDGC.BU,0.100000000000000,m,footPrint,1,1_residential,1,1, ,http://ovc.catastro.meh.es/OVCServWeb/OVCWcfLibres/OVCFotoFachada.svc/RecuperarFotoFachadaGet?ReferenciaCatastral=002201000YJ27E,jpeg,NotOfficial,grossFloorArea,50,m2,12.500000000000000,1176.960083010000062,14.712001037625001,2.024371342777200,21.828697310947131,24.799596927670539
11,ES.SDGC.BU.002201300YJ27E,2008/10/20 00:00:00.000,functional,1900/01/01 00:00:00.000,1900/01/01 00:00:00.000, ,https://www1.sedecatastro.gob.es/CYCBienInmueble/OVCListaBienes.aspx?rc1=0022013&rc2=00YJ27E,002201300YJ27E,002201300YJ27E,ES.SDGC.BU,0.100000000000000,m,footPrint,1,1_residential,1,1, ,http://ovc.catastro.meh.es/OVCServWeb/OVCWcfLibres/OVCFotoFachada.svc/RecuperarFotoFachadaGet?ReferenciaCatastral=002201300YJ27E,jpeg,NotOfficial,grossFloorArea,246,m2,181.250000000000000,1172.547095989999889,212.524161148187460,29.243324573990598,71.592609623061776,264.586867632798601
12,ES.SDGC.BU.002201400YJ27E,2003/01/27 00:00:00.000,functional,1930/01/01 00:00:00.000,1930/01/01 00:00:00.000, ,https://www1.sedecatastro.gob.es/CYCBienInmueble/OVCListaBienes.aspx?rc1=0022014&rc2=00YJ27E,002201400YJ27E,002201400YJ27E,ES.SDGC.BU,0.100000000000000,m,footPrint,1,3_industrial,1,0, ,http://ovc.catastro.meh.es/OVCServWeb/OVCWcfLibres/OVCFotoFachada.svc/RecuperarFotoFachadaGet?ReferenciaCatastral=002201400YJ27E,jpeg,NotOfficial,grossFloorArea,201,m2,62.500000000000000,1213.795605470000055,75.862225341875003,10.438642207041999,140.010170078774848,209.704649993466575
13,ES.SDGC.BU.002201700YJ27E,2008/10/20 00:00:00.000,functional,1940/01/01 00:00:00.000,1940/01/01 00:00:00.000, ,https://www1.sedecatastro.gob.es/CYCBienInmueble/OVCListaBienes.aspx?rc1=0022017&rc2=00YJ27E,002201700YJ27E,002201700YJ27E,ES.SDGC.BU,0.100000000000000,m,footPrint,1,1_residential,1,1, ,http://ovc.catastro.meh.es/OVCServWeb/OVCWcfLibres/OVCFotoFachada.svc/RecuperarFotoFachadaGet?ReferenciaCatastral=002201700YJ27E,jpeg,NotOfficial,grossFloorArea,217,m2,68.750000000000000,1139.816761360000100,78.362402343500008,10.782666562465602,86.654088103950571,180.087112639542966
14,ES.SDGC.BU.002201800YJ27E,2003/01/27 00:00:00.000,functional,1945/01/01 00:00:00.000,1945/01/01 00:00:00.000, ,https://www1.sedecatastro.gob.es/CYCBienInmueble/OVCListaBienes.aspx?rc1=0022018&rc2=00YJ27E,002201800YJ27E,002201800YJ27E,ES.SDGC.BU,0.100000000000000,m,footPrint,1,1_residential,1,1, ,http://ovc.catastro.meh.es/OVCServWeb/OVCWcfLibres/OVCFotoFachada.svc/RecuperarFotoFachadaGet?ReferenciaCatastral=002201800YJ27E,jpeg,NotOfficial,grossFloorArea,131,m2,118.750000000000000,1133.224737869999899,134.570437622062485,18.516892216795799,114.306055404276165,208.592385006278988
15,ES.SDGC.BU.002201900YJ27E,2010/10/25 00:00:00.000,functional,1945/01/01 00:00:00.000,1945/01/01 00:00:00.000, ,https://www1.sedecatastro.gob.es/CYCBienInmueble/OVCListaBienes.aspx?rc1=0022019&rc2=00YJ27E,002201900YJ27E,002201900YJ27E,ES.SDGC.BU,0.100000000000000,m,footPrint,1,1_residential,1,1, ,http://ovc.catastro.meh.es/OVCServWeb/OVCWcfLibres/OVCFotoFachada.svc/RecuperarFotoFachadaGet?ReferenciaCatastral=002201900YJ27E,jpeg,NotOfficial,grossFloorArea,86,m2,62.500000000000000,1209.926989750000075,75.620436859375005,10.405372111850001,97.498938725377528,252.400383141783692
16,ES.SDGC.BU.002202000YJ27E,2003/01/27 00:00:00.000,functional,1945/01/01 00:00:00.000,1945/01/01 00:00:00.000, ,https://www1.sedecatastro.gob.es/CYCBienInmueble/OVCListaBienes.aspx?rc1=0022020&rc2=00YJ27E,002202000YJ27E,002202000YJ27E,ES.SDGC.BU,0.100000000000000,m,footPrint,1,1_residential,1,1, ,http://ovc.catastro.meh.es/OVCServWeb/OVCWcfLibres/OVCFotoFachada.svc/RecuperarFotoFachadaGet?ReferenciaCatastral=002202000YJ27E,jpeg,NotOfficial,grossFloorArea,100,m2,81.250000000000000,1174.685870830000113,95.443227004937512,13.132988035879402,38.422502491158781,79.524500001978126
17,ES.SDGC.BU.002202200YJ27E,2003/01/27 00:00:00.000,functional,1900/01/01 00:00:00.000,1900/01/01 00:00:00.000, ,https://www1.sedecatastro.gob.es/CYCBienInmueble/OVCListaBienes.aspx?rc1=0022022&rc2=00YJ27E,002202200YJ27E,002202200YJ27E,ES.SDGC.BU,0.100000000000000,m,footPrint,1,1_residential,1,1, ,http://ovc.catastro.meh.es/OVCServWeb/OVCWcfLibres/OVCFotoFachada.svc/RecuperarFotoFachadaGet?ReferenciaCatastral=002202200YJ27E,jpeg,NotOfficial,grossFloorArea,145,m2,37.500000000000000,1231.804768879999983,46.192678832999995,6.356112607420799,71.696618077461494,147.076299997608942
18,ES.SDGC.BU.002202300YJ27E,2003/01/27 00:00:00.000,functional,1940/01/01 00:00:00.000,1940/01/01 00:00:00.000, ,https://www1.sedecatastro.gob.es/CYCBienInmueble/OVCListaBienes.aspx?rc1=0022023&rc2=00YJ27E,002202300YJ27E,002202300YJ27E,ES.SDGC.BU,0.100000000000000,m,footPrint,1,1_residential,1,1, ,http://ovc.catastro.meh.es/OVCServWeb/OVCWcfLibres/OVCFotoFachada.svc/RecuperarFotoFachadaGet?ReferenciaCatastral=002202300YJ27E,jpeg,NotOfficial,grossFloorArea,1090,m2,562.500000000000000,1177.248133679999910,662.202075194999907,91.119005546831985,115.518341883308537,787.283042623297547
19,ES.SDGC.BU.002202400YJ27E,2003/01/27 00:00:00.000,functional,1930/01/01 00:00:00.000,1930/01/01 00:00:00.000, ,https://www1.sedecatastro.gob.es/CYCBienInmueble/OVCListaBienes.aspx?rc1=0022024&rc2=00YJ27E,002202400YJ27E,002202400YJ27E,ES.SDGC.BU,0.100000000000000,m,footPrint,1,1_residential,1,0, ,http://ovc.catastro.meh.es/OVCServWeb/OVCWcfLibres/OVCFotoFachada.svc/RecuperarFotoFachadaGet?ReferenciaCatastral=002202400YJ27E,jpeg,NotOfficial,grossFloorArea,45,m2,25.000000000000000,1122.841094970000086,28.071027374250004,3.862573366696801,26.691837973537385,44.274150002790059
20,ES.SDGC.BU.002202500YJ27E,2003/01/27 00:00:00.000,functional,1930/01/01 00:00:00.000,1930/01/01 00:00:00.000, ,https://www1.sedecatastro.gob.es/CYCBienInmueble/OVCListaBienes.aspx?rc1=0022025&rc2=00YJ27E,002202500YJ27E,002202500YJ27E,ES.SDGC.BU,0.100000000000000,m,footPrint,1,3_industrial,1,0, ,http://ovc.catastro.meh.es/OVCServWeb/OVCWcfLibres/OVCFotoFachada.svc/RecuperarFotoFachadaGet?ReferenciaCatastral=002202500YJ27E,jpeg,NotOfficial,grossFloorArea,68,m2,43.750000000000000,1233.843575610000016,53.980656432937501,7.427738325172200,55.171288335099248,143.472042501035588
21,ES.SDGC.BU.002203300YJ27E,2016/03/15 00:00:00.000,functional,1910/01/01 00:00:00.000,1910/01/01 00:00:00.000, ,https://www1.sedecatastro.gob.es/CYCBienInmueble/OVCListaBienes.aspx?rc1=0022033&rc2=00YJ27E,002203300YJ27E,002203300YJ27E,ES.SDGC.BU,0.100000000000000,m,footPrint,1,1_residential,1,1, ,http://ovc.catastro.meh.es/OVCServWeb/OVCWcfLibres/OVCFotoFachada.svc/RecuperarFotoFachadaGet?ReferenciaCatastral=002203300YJ27E,jpeg,NotOfficial,grossFloorArea,619,m2,168.750000000000000,1248.215838399999939,210.636422729999992,28.983571767647998,121.476946342691079,336.848371971120969
22,ES.SDGC.BU.002203400YJ27E,2003/01/27 00:00:00.000,functional,1910/01/01 00:00:00.000,1910/01/01 00:00:00.000, ,https://www1.sedecatastro.gob.es/CYCBienInmueble/OVCListaBienes.aspx?rc1=0022034&rc2=00YJ27E,002203400YJ27E,002203400YJ27E,ES.SDGC.BU,0.100000000000000,m,footPrint,1,1_residential,1,1, ,http://ovc.catastro.meh.es/OVCServWeb/OVCWcfLibres/OVCFotoFachada.svc/RecuperarFotoFachadaGet?ReferenciaCatastral=002203400YJ27E,jpeg,NotOfficial,grossFloorArea,469,m2,100.000000000000000,1259.872718809999924,125.987271880999998,17.335848610825600,97.423264924630587,285.403000007987032
23,ES.SDGC.BU.002203500YJ27E,2016/03/15 00:00:00.000,functional,1910/01/01 00:00:00.000,2000/01/01 00:00:00.000, ,https://www1.sedecatastro.gob.es/CYCBienInmueble/OVCListaBienes.aspx?rc1=0022035&rc2=00YJ27E,002203500YJ27E,002203500YJ27E,ES.SDGC.BU,0.100000000000000,m,footPrint,1,1_residential,1,1, ,http://ovc.catastro.meh.es/OVCServWeb/OVCWcfLibres/OVCFotoFachada.svc/RecuperarFotoFachadaGet?ReferenciaCatastral=002203500YJ27E,jpeg,NotOfficial,grossFloorArea,635,m2,168.750000000000000,1158.362363460000097,195.473648833875018,26.897174079541202,88.493160827816041,359.243535121952220
24,ES.SDGC.BU.002203600YJ27E,2008/10/20 00:00:00.000,functional,1910/01/01 00:00:00.000,1910/01/01 00:00:00.000, ,https://www1.sedecatastro.gob.es/CYCBienInmueble/OVCListaBienes.aspx?rc1=0022036&rc2=00YJ27E,002203600YJ27E,002203600YJ27E,ES.SDGC.BU,0.100000000000000,m,footPrint,1,1_residential,1,1, ,http://ovc.catastro.meh.es/OVCServWeb/OVCWcfLibres/OVCFotoFachada.svc/RecuperarFotoFachadaGet?ReferenciaCatastral=002203600YJ27E,jpeg,NotOfficial,grossFloorArea,453,m2,175.000000000000000,1219.515082220000068,213.415139388500023,29.365923179857603,100.501246747825547,296.962067642212844
25,ES.SDGC.BU.002204000YJ27E,2003/01/27 00:00:00.000,functional,1924/01/01 00:00:00.000,1924/01/01 00:00:00.000, ,https://www1.sedecatastro.gob.es/CYCBienInmueble/OVCListaBienes.aspx?rc1=0022040&rc2=00YJ27E,002204000YJ27E,002204000YJ27E,ES.SDGC.BU,0.100000000000000,m,footPrint,1,1_residential,1,0, ,http://ovc.catastro.meh.es/OVCServWeb/OVCWcfLibres/OVCFotoFachada.svc/RecuperarFotoFachadaGet?ReferenciaCatastral=002204000YJ27E,jpeg,NotOfficial,grossFloorArea,47,m2,6.250000000000000,1143.394531250000000,7.146215820312500,0.983319296875000,42.264148280912501,65.483282491474867
26,ES.SDGC.BU.002204100YJ27E,2003/01/27 00:00:00.000,ruin,1948/01/01 00:00:00.000,1948/01/01 00:00:00.000, ,https://www1.sedecatastro.gob.es/CYCBienInmueble/OVCListaBienes.aspx?rc1=0022041&rc2=00YJ27E,002204100YJ27E,002204100YJ27E,ES.SDGC.BU,0.100000000000000,m,footPrint,1,1_residential,1,1, ,http://ovc.catastro.meh.es/OVCServWeb/OVCWcfLibres/OVCFotoFachada.svc/RecuperarFotoFachadaGet?ReferenciaCatastral=002204100YJ27E,jpeg,NotOfficial,grossFloorArea,114,m2,6.250000000000000,1126.564941410000074,7.041030883812500,0.968845849612600,66.774077537926033,92.850744991477228
27,ES.SDGC.BU.002204200YJ27E,2003/01/27 00:00:00.000,functional,1948/01/01 00:00:00.000,1948/01/01 00:00:00.000, ,https://www1.sedecatastro.gob.es/CYCBienInmueble/OVCListaBienes.aspx?rc1=0022042&rc2=00YJ27E,002204200YJ27E,002204200YJ27E,ES.SDGC.BU,0.100000000000000,m,footPrint,1,1_residential,1,1, ,http://ovc.catastro.meh.es/OVCServWeb/OVCWcfLibres/OVCFotoFachada.svc/RecuperarFotoFachadaGet?ReferenciaCatastral=002204200YJ27E,jpeg,NotOfficial,grossFloorArea,116,m2,31.250000000000000,1129.151977539999962,35.285999298124999,4.855353503421999,64.332039167173406,91.414400003998907
28,ES.SDGC.BU.002204500YJ27E,2011/06/08 00:00:00.000,functional,1940/01/01 00:00:00.000,1940/01/01 00:00:00.000, ,https://www1.sedecatastro.gob.es/CYCBienInmueble/OVCListaBienes.aspx?rc1=0022045&rc2=00YJ27E,002204500YJ27E,002204500YJ27E,ES.SDGC.BU,0.100000000000000,m,footPrint,1,1_residential,2,2, ,http://ovc.catastro.meh.es/OVCServWeb/OVCWcfLibres/OVCFotoFachada.svc/RecuperarFotoFachadaGet?ReferenciaCatastral=002204500YJ27E,jpeg,NotOfficial,grossFloorArea,172,m2,56.250000000000000,1167.448893230000067,65.669000244187501,9.036054433600201,42.655834631268561,91.952850004454518
29,ES.SDGC.BU.002204600YJ27E,2020/12/22 00:00:00.000,functional,1924/01/01 00:00:00.000,1924/01/01 00:00:00.000, ,https://www1.sedecatastro.gob.es/CYCBienInmueble/OVCListaBienes.aspx?rc1=0022046&rc2=00YJ27E,002204600YJ27E,002204600YJ27E,ES.SDGC.BU,0.100000000000000,m,footPrint,1,1_residential,1,1, ,http://ovc.catastro.meh.es/OVCServWeb/OVCWcfLibres/OVCFotoFachada.svc/RecuperarFotoFachadaGet?ReferenciaCatastral=002204600YJ27E,jpeg,NotOfficial,grossFloorArea,61,m2,43.750000000000000,1227.321219310000060,53.695303344812508,7.388473740246201,37.874873138955863,58.701973614218559
30,ES.SDGC.BU.002204700YJ27E,2020/12/22 00:00:00.000,functional,1924/01/01 00:00:00.000,1924/01/01 00:00:00.000, ,https://www1.sedecatastro.gob.es/CYCBienInmueble/OVCListaBienes.aspx?rc1=0022047&rc2=00YJ27E,002204700YJ27E,002204700YJ27E,ES.SDGC.BU,0.100000000000000,m,footPrint,1,1_residential,1,1, ,http://ovc.catastro.meh.es/OVCServWeb/OVCWcfLibres/OVCFotoFachada.svc/RecuperarFotoFachadaGet?ReferenciaCatastral=002204700YJ27E,jpeg,NotOfficial,grossFloorArea,58,m2,31.250000000000000,1047.449279789999991,32.732789993437500,4.504031903097000,31.633507311935986,49.880420397766301
31,ES.SDGC.BU.002204800YJ27E,2003/01/27 00:00:00.000,functional,1972/01/01 00:00:00.000,1972/01/01 00:00:00.000, ,https://www1.sedecatastro.gob.es/CYCBienInmueble/OVCListaBienes.aspx?rc1=0022048&rc2=00YJ27E,002204800YJ27E,002204800YJ27E,ES.SDGC.BU,0.100000000000000,m,footPrint,1,1_residential,1,1, ,http://ovc.catastro.meh.es/OVCServWeb/OVCWcfLibres/OVCFotoFachada.svc/RecuperarFotoFachadaGet?ReferenciaCatastral=002204800YJ27E,jpeg,NotOfficial,grossFloorArea,538,m2,206.250000000000000,1014.917571100000032,209.326749039375017,28.803360667818001,109.511967425878680,377.855125711508606
32,ES.SDGC.BU.002204900YJ27E,2003/01/27 00:00:00.000,functional,1950/01/01 00:00:00.000,1950/01/01 00:00:00.000, ,https://www1.sedecatastro.gob.es/CYCBienInmueble/OVCListaBienes.aspx?rc1=0022049&rc2=00YJ27E,002204900YJ27E,002204900YJ27E,ES.SDGC.BU,0.100000000000000,m,footPrint,1,1_residential,2,1, ,http://ovc.catastro.meh.es/OVCServWeb/OVCWcfLibres/OVCFotoFachada.svc/RecuperarFotoFachadaGet?ReferenciaCatastral=002204900YJ27E,jpeg,NotOfficial,grossFloorArea,79,m2,37.500000000000000,1192.881551109999918,44.733058166625000,6.155268803727600,28.428273433933704,34.555165992660278
33,ES.SDGC.BU.002205000YJ27E,2003/01/27 00:00:00.000,functional,1910/01/01 00:00:00.000,1910/01/01 00:00:00.000, ,https://www1.sedecatastro.gob.es/CYCBienInmueble/OVCListaBienes.aspx?rc1=0022050&rc2=00YJ27E,002205000YJ27E,002205000YJ27E,ES.SDGC.BU,0.100000000000000,m,footPrint,1,1_residential,3,3, ,http://ovc.catastro.meh.es/OVCServWeb/OVCWcfLibres/OVCFotoFachada.svc/RecuperarFotoFachadaGet?ReferenciaCatastral=002205000YJ27E,jpeg,NotOfficial,grossFloorArea,275,m2,93.750000000000000,1148.707234700000072,107.691303253125000,14.818323327629999,53.019807179268419,122.834519019694298
34,ES.SDGC.BU.002205100YJ27E,2003/01/27 00:00:00.000,functional,1925/01/01 00:00:00.000,1925/01/01 00:00:00.000, ,https://www1.sedecatastro.gob.es/CYCBienInmueble/OVCListaBienes.aspx?rc1=0022051&rc2=00YJ27E,002205100YJ27E,002205100YJ27E,ES.SDGC.BU,0.100000000000000,m,footPrint,1,1_residential,2,2, ,http://ovc.catastro.meh.es/OVCServWeb/OVCWcfLibres/OVCFotoFachada.svc/RecuperarFotoFachadaGet?ReferenciaCatastral=002205100YJ27E,jpeg,NotOfficial,grossFloorArea,220,m2,37.500000000000000,1054.620544430000109,39.548270416125007,5.441842009258801,66.866835513974266,136.787947511613595
35,ES.SDGC.BU.002205200YJ27E,2016/03/15 00:00:00.000,functional,1922/01/01 00:00:00.000,2000/01/01 00:00:00.000, ,https://www1.sedecatastro.gob.es/CYCBienInmueble/OVCListaBienes.aspx?rc1=0022052&rc2=00YJ27E,002205200YJ27E,002205200YJ27E,ES.SDGC.BU,0.100000000000000,m,footPrint,1,1_residential,1,1, ,http://ovc.catastro.meh.es/OVCServWeb/OVCWcfLibres/OVCFotoFachada.svc/RecuperarFotoFachadaGet?ReferenciaCatastral=002205200YJ27E,jpeg,NotOfficial,grossFloorArea,116,m2,81.250000000000000,1256.319486180000013,102.075958252124991,14.045651855492398,53.556949555549700,116.556140001798411
36,ES.SDGC.BU.002205300YJ27E,2003/01/27 00:00:00.000,functional,1922/01/01 00:00:00.000,1922/01/01 00:00:00.000, ,https://www1.sedecatastro.gob.es/CYCBienInmueble/OVCListaBienes.aspx?rc1=0022053&rc2=00YJ27E,002205300YJ27E,002205300YJ27E,ES.SDGC.BU,0.100000000000000,m,footPrint,1,1_residential,1,1, ,http://ovc.catastro.meh.es/OVCServWeb/OVCWcfLibres/OVCFotoFachada.svc/RecuperarFotoFachadaGet?ReferenciaCatastral=002205300YJ27E,jpeg,NotOfficial,grossFloorArea,100,m2,81.250000000000000,1132.040095399999927,91.978257751249998,12.656208266571999,47.970339007498779,98.862049994478753
37,ES.SDGC.BU.002205400YJ27E,2003/01/27 00:00:00.000,functional,1930/01/01 00:00:00.000,1930/01/01 00:00:00.000, ,https://www1.sedecatastro.gob.es/CYCBienInmueble/OVCListaBienes.aspx?rc1=0022054&rc2=00YJ27E,002205400YJ27E,002205400YJ27E,ES.SDGC.BU,0.100000000000000,m,footPrint,1,1_residential,1,1, ,http://ovc.catastro.meh.es/OVCServWeb/OVCWcfLibres/OVCFotoFachada.svc/RecuperarFotoFachadaGet?ReferenciaCatastral=002205400YJ27E,jpeg,NotOfficial,grossFloorArea,293,m2,156.250000000000000,1226.831972660000019,191.692495728125010,26.376887412190001,98.293116066329503,250.914279230849957
38,ES.SDGC.BU.002205500YJ27E,2016/10/04 00:00:00.000,functional,1958/01/01 00:00:00.000,1958/01/01 00:00:00.000, ,https://www1.sedecatastro.gob.es/CYCBienInmueble/OVCListaBienes.aspx?rc1=0022055&rc2=00YJ27E,002205500YJ27E,002205500YJ27E,ES.SDGC.BU,0.100000000000000,m,footPrint,1,1_residential,1,1, ,http://ovc.catastro.meh.es/OVCServWeb/OVCWcfLibres/OVCFotoFachada.svc/RecuperarFotoFachadaGet?ReferenciaCatastral=002205500YJ27E,jpeg,NotOfficial,grossFloorArea,832,m2,350.000000000000000,1212.514029369999889,424.379910279499938,58.394675654459192,159.960545547282777,573.365628242317484
39,ES.SDGC.BU.002205600YJ27E,2008/10/20 00:00:00.000,functional,1903/01/01 00:00:00.000,1903/01/01 00:00:00.000, ,https://www1.sedecatastro.gob.es/CYCBienInmueble/OVCListaBienes.aspx?rc1=0022056&rc2=00YJ27E,002205600YJ27E,002205600YJ27E,ES.SDGC.BU,0.100000000000000,m,footPrint,1,3_industrial,1,0, ,http://ovc.catastro.meh.es/OVCServWeb/OVCWcfLibres/OVCFotoFachada.svc/RecuperarFotoFachadaGet?ReferenciaCatastral=002205600YJ27E,jpeg,NotOfficial,grossFloorArea,510,m2,150.000000000000000,1058.129183450000028,158.719377517499993,21.839786346408001,114.337826500066541,326.938224996369456
40,ES.SDGC.BU.002206500YJ27E,2008/10/31 00:00:00.000,functional,1926/01/01 00:00:00.000,1926/01/01 00:00:00.000, ,https://www1.sedecatastro.gob.es/CYCBienInmueble/OVCListaBienes.aspx?rc1=0022065&rc2=00YJ27E,002206500YJ27E,002206500YJ27E,ES.SDGC.BU,0.100000000000000,m,footPrint,1,1_residential,1,1, ,http://ovc.catastro.meh.es/OVCServWeb/OVCWcfLibres/OVCFotoFachada.svc/RecuperarFotoFachadaGet?ReferenciaCatastral=002206500YJ27E,jpeg,NotOfficial,grossFloorArea,256,m2,43.750000000000000,1164.877423970000109,50.963387298687508,7.012562092299402,62.032589143320386,165.293732037208230
41,ES.SDGC.BU.002301700YJ27E,2003/01/27 00:00:00.000,functional,1889/01/01 00:00:00.000,1889/01/01 00:00:00.000, ,https://www1.sedecatastro.gob.es/CYCBienInmueble/OVCListaBienes.aspx?rc1=0023017&rc2=00YJ27E,002301700YJ27E,002301700YJ27E,ES.SDGC.BU,0.100000000000000,m,footPrint,1,3_industrial,1,0, ,http://ovc.catastro.meh.es/OVCServWeb/OVCWcfLibres/OVCFotoFachada.svc/RecuperarFotoFachadaGet?ReferenciaCatastral=002301700YJ27E,jpeg,NotOfficial,grossFloorArea,416,m2,87.500000000000000,1121.344382150000001,98.117633438125011,13.500986361086003,79.258758468637595,207.927990002657737
42,ES.SDGC.BU.1254501YJ2715C,2021/07/20 00:00:00.000,functional,1959/01/01 00:00:00.000,1959/01/01 00:00:00.000, ,https://www1.sedecatastro.gob.es/CYCBienInmueble/OVCListaBienes.aspx?rc1=1254501&rc2=YJ2715C,1254501YJ2715C,1254501YJ2715C,ES.SDGC.BU,0.100000000000000,m,footPrint,1,3_industrial,1,0, ,http://ovc.catastro.meh.es/OVCServWeb/OVCWcfLibres/OVCFotoFachada.svc/RecuperarFotoFachadaGet?ReferenciaCatastral=1254501YJ2715C,jpeg,NotOfficial,grossFloorArea,236,m2,181.250000000000000,1215.306543809999994,220.274311065562500,30.309745202621400,68.080318790899327,235.500632626834857
43,ES.SDGC.BU.1254506YJ2715C,2021/07/20 00:00:00.000,functional,1964/01/01 00:00:00.000,1964/01/01 00:00:00.000, ,https://www1.sedecatastro.gob.es/CYCBienInmueble/OVCListaBienes.aspx?rc1=1254506&rc2=YJ2715C,1254506YJ2715C,1254506YJ2715C,ES.SDGC.BU,0.100000000000000,m,footPrint,1,1_residential,1,1, ,http://ovc.catastro.meh.es/OVCServWeb/OVCWcfLibres/OVCFotoFachada.svc/RecuperarFotoFachadaGet?ReferenciaCatastral=1254506YJ2715C,jpeg,NotOfficial,grossFloorArea,91,m2,18.750000000000000,1283.380900070000052,24.063391876312501,3.311122722180600,29.773235696639915,52.524472121845321
44,ES.SDGC.BU.1254507YJ2715C,2021/07/20 00:00:00.000,declined,1945/01/01 00:00:00.000,1945/01/01 00:00:00.000, ,https://www1.sedecatastro.gob.es/CYCBienInmueble/OVCListaBienes.aspx?rc1=1254507&rc2=YJ2715C,1254507YJ2715C,1254507YJ2715C,ES.SDGC.BU,0.100000000000000,m,footPrint,1,1_residential,1,1, ,http://ovc.catastro.meh.es/OVCServWeb/OVCWcfLibres/OVCFotoFachada.svc/RecuperarFotoFachadaGet?ReferenciaCatastral=1254507YJ2715C,jpeg,NotOfficial,grossFloorArea,188,m2,131.250000000000000,1178.329903739999963,154.655799865874997,21.280638061544401,76.593540170130296,188.449647483207940
45,ES.SDGC.BU.1255502YJ2715E,2021/07/20 00:00:00.000,functional,1928/01/01 00:00:00.000,1928/01/01 00:00:00.000, ,https://www1.sedecatastro.gob.es/CYCBienInmueble/OVCListaBienes.aspx?rc1=1255502&rc2=YJ2715E,1255502YJ2715E,1255502YJ2715E,ES.SDGC.BU,0.100000000000000,m,footPrint,1,1_residential,1,1, ,http://ovc.catastro.meh.es/OVCServWeb/OVCWcfLibres/OVCFotoFachada.svc/RecuperarFotoFachadaGet?ReferenciaCatastral=1255502YJ2715E,jpeg,NotOfficial,grossFloorArea,422,m2,75.000000000000000,1112.581171670000003,83.443587875250003,11.481837691634400,55.568449792555711,166.669600010625658
46,ES.SDGC.BU.1255503YJ2715E,2021/07/20 00:00:00.000,functional,1928/01/01 00:00:00.000,1928/01/01 00:00:00.000, ,https://www1.sedecatastro.gob.es/CYCBienInmueble/OVCListaBienes.aspx?rc1=1255503&rc2=YJ2715E,1255503YJ2715E,1255503YJ2715E,ES.SDGC.BU,0.100000000000000,m,footPrint,1,4_2_retail,1,0, ,http://ovc.catastro.meh.es/OVCServWeb/OVCWcfLibres/OVCFotoFachada.svc/RecuperarFotoFachadaGet?ReferenciaCatastral=1255503YJ2715E,jpeg,NotOfficial,grossFloorArea,222,m2,168.750000000000000,1175.232629849999967,198.320506287187470,27.288901665116995,102.720222200497005,223.145599997602943
47,ES.SDGC.BU.1255505YJ2715E,2021/07/20 00:00:00.000,declined,1925/01/01 00:00:00.000,1925/01/01 00:00:00.000, ,https://www1.sedecatastro.gob.es/CYCBienInmueble/OVCListaBienes.aspx?rc1=1255505&rc2=YJ2715E,1255505YJ2715E,1255505YJ2715E,ES.SDGC.BU,0.100000000000000,m,footPrint,1,1_residential,1,1, ,http://ovc.catastro.meh.es/OVCServWeb/OVCWcfLibres/OVCFotoFachada.svc/RecuperarFotoFachadaGet?ReferenciaCatastral=1255505YJ2715E,jpeg,NotOfficial,grossFloorArea,157,m2,18.750000000000000,1228.959757489999902,23.042995452937500,3.170716174324200,60.411068078390613,103.445799999531175
48,ES.SDGC.BU.1255506YJ2715E,2021/07/20 00:00:00.000,functional,1949/01/01 00:00:00.000,1949/01/01 00:00:00.000, ,https://www1.sedecatastro.gob.es/CYCBienInmueble/OVCListaBienes.aspx?rc1=1255506&rc2=YJ2715E,1255506YJ2715E,1255506YJ2715E,ES.SDGC.BU,0.100000000000000,m,footPrint,1,1_residential,1,1, ,http://ovc.catastro.meh.es/OVCServWeb/OVCWcfLibres/OVCFotoFachada.svc/RecuperarFotoFachadaGet?ReferenciaCatastral=1255506YJ2715E,jpeg,NotOfficial,grossFloorArea,216,m2,68.750000000000000,1251.680952590000061,86.053065490562503,11.840901811501402,44.308863875837901,108.758100001775290
49,ES.SDGC.BU.1255507YJ2715E,2021/07/20 00:00:00.000,functional,1926/01/01 00:00:00.000,1926/01/01 00:00:00.000, ,https://www1.sedecatastro.gob.es/CYCBienInmueble/OVCListaBienes.aspx?rc1=1255507&rc2=YJ2715E,1255507YJ2715E,1255507YJ2715E,ES.SDGC.BU,0.100000000000000,m,footPrint,1,1_residential,1,1, ,http://ovc.catastro.meh.es/OVCServWeb/OVCWcfLibres/OVCFotoFachada.svc/RecuperarFotoFachadaGet?ReferenciaCatastral=1255507YJ2715E,jpeg,NotOfficial,grossFloorArea,102,m2,75.000000000000000,1246.933980309999924,93.520048523249997,12.868358676799200,48.776149722748656,102.297249995606023
50,ES.SDGC.BU.1256901YJ2715E,2020/12/18 00:00:00.000,functional,1941/01/01 00:00:00.000,1941/01/01 00:00:00.000, ,https://www1.sedecatastro.gob.es/CYCBienInmueble/OVCListaBienes.aspx?rc1=1256901&rc2=YJ2715E,1256901YJ2715E,1256901YJ2715E,ES.SDGC.BU,0.100000000000000,m,footPrint,1,1_residential,1,1, ,http://ovc.catastro.meh.es/OVCServWeb/OVCWcfLibres/OVCFotoFachada.svc/RecuperarFotoFachadaGet?ReferenciaCatastral=1256901YJ2715E,jpeg,NotOfficial,grossFloorArea,70,m2,18.750000000000000,1113.620768230000067,20.880389404312499,2.873141582033400,30.289436763414546,56.146174369277844
51,ES.SDGC.BU.1256902YJ2715E,2020/12/18 00:00:00.000,declined,1943/01/01 00:00:00.000,1943/01/01 00:00:00.000, ,https://www1.sedecatastro.gob.es/CYCBienInmueble/OVCListaBienes.aspx?rc1=1256902&rc2=YJ2715E,1256902YJ2715E,1256902YJ2715E,ES.SDGC.BU,0.100000000000000,m,footPrint,1,1_residential,1,1, ,http://ovc.catastro.meh.es/OVCServWeb/OVCWcfLibres/OVCFotoFachada.svc/RecuperarFotoFachadaGet?ReferenciaCatastral=1256902YJ2715E,jpeg,NotOfficial,grossFloorArea,82,m2,43.750000000000000,1253.668143139999984,54.847981262374994,7.547082221702799,54.229902996393818,81.690335877739926
52,ES.SDGC.BU.1256917YJ2715E,2020/12/18 00:00:00.000,declined,1941/01/01 00:00:00.000,1941/01/01 00:00:00.000, ,https://www1.sedecatastro.gob.es/CYCBienInmueble/OVCListaBienes.aspx?rc1=1256917&rc2=YJ2715E,1256917YJ2715E,1256917YJ2715E,ES.SDGC.BU,0.100000000000000,m,footPrint,1,1_residential,1,0, ,http://ovc.catastro.meh.es/OVCServWeb/OVCWcfLibres/OVCFotoFachada.svc/RecuperarFotoFachadaGet?ReferenciaCatastral=1256917YJ2715E,jpeg,NotOfficial,grossFloorArea,104,m2,31.250000000000000,1236.313305659999969,38.634790801874999,5.316147214338000,28.818861576782275,51.862499993913808
53,ES.SDGC.BU.13542C6YJ2715C,2021/07/20 00:00:00.000,functional,1920/01/01 00:00:00.000,1920/01/01 00:00:00.000, ,https://www1.sedecatastro.gob.es/CYCBienInmueble/OVCListaBienes.aspx?rc1=13542C6&rc2=YJ2715C,13542C6YJ2715C,13542C6YJ2715C,ES.SDGC.BU,0.100000000000000,m,footPrint,1,3_industrial,1,0, ,http://ovc.catastro.meh.es/OVCServWeb/OVCWcfLibres/OVCFotoFachada.svc/RecuperarFotoFachadaGet?ReferenciaCatastral=13542C6YJ2715C,jpeg,NotOfficial,grossFloorArea,140,m2,50.000000000000000,1148.073410030000105,57.403670501500002,7.898745061006401,48.223104953946617,141.853000011865987
54,ES.SDGC.BU.1354201YJ2715C,2021/07/20 00:00:00.000,functional,1930/01/01 00:00:00.000,1930/01/01 00:00:00.000, ,https://www1.sedecatastro.gob.es/CYCBienInmueble/OVCListaBienes.aspx?rc1=1354201&rc2=YJ2715C,1354201YJ2715C,1354201YJ2715C,ES.SDGC.BU,0.100000000000000,m,footPrint,1,3_industrial,1,0, ,http://ovc.catastro.meh.es/OVCServWeb/OVCWcfLibres/OVCFotoFachada.svc/RecuperarFotoFachadaGet?ReferenciaCatastral=1354201YJ2715C,jpeg,NotOfficial,grossFloorArea,177,m2,93.750000000000000,1060.172534179999957,99.391175079375003,13.676225690922001,56.436505629036184,176.140550018504058
55,ES.SDGC.BU.1354202YJ2715C,2021/07/20 00:00:00.000,functional,1926/01/01 00:00:00.000,1926/01/01 00:00:00.000, ,https://www1.sedecatastro.gob.es/CYCBienInmueble/OVCListaBienes.aspx?rc1=1354202&rc2=YJ2715C,1354202YJ2715C,1354202YJ2715C,ES.SDGC.BU,0.100000000000000,m,footPrint,1,3_industrial,1,0, ,http://ovc.catastro.meh.es/OVCServWeb/OVCWcfLibres/OVCFotoFachada.svc/RecuperarFotoFachadaGet?ReferenciaCatastral=1354202YJ2715C,jpeg,NotOfficial,grossFloorArea,66,m2,37.500000000000000,1124.876912429999948,42.182884216124997,5.804364868138800,35.637109146587512,66.127962498025411
56,ES.SDGC.BU.1354205YJ2715C,2021/07/20 00:00:00.000,functional,1924/01/01 00:00:00.000,1924/01/01 00:00:00.000, ,https://www1.sedecatastro.gob.es/CYCBienInmueble/OVCListaBienes.aspx?rc1=1354205&rc2=YJ2715C,1354205YJ2715C,1354205YJ2715C,ES.SDGC.BU,0.100000000000000,m,footPrint,1,3_industrial,1,0, ,http://ovc.catastro.meh.es/OVCServWeb/OVCWcfLibres/OVCFotoFachada.svc/RecuperarFotoFachadaGet?ReferenciaCatastral=1354205YJ2715C,jpeg,NotOfficial,grossFloorArea,114,m2,25.000000000000000,1153.833557129999917,28.845838928250000,3.969187436527200,62.732670775567058,114.607450007531966
57,ES.SDGC.BU.1354206YJ2715C,2021/07/20 00:00:00.000,functional,1924/01/01 00:00:00.000,1924/01/01 00:00:00.000, ,https://www1.sedecatastro.gob.es/CYCBienInmueble/OVCListaBienes.aspx?rc1=1354206&rc2=YJ2715C,1354206YJ2715C,1354206YJ2715C,ES.SDGC.BU,0.100000000000000,m,footPrint,1,3_industrial,1,0, ,http://ovc.catastro.meh.es/OVCServWeb/OVCWcfLibres/OVCFotoFachada.svc/RecuperarFotoFachadaGet?ReferenciaCatastral=1354206YJ2715C,jpeg,NotOfficial,grossFloorArea,122,m2,81.250000000000000,1229.191434419999950,99.871804046625002,13.742360236815600,63.285013720648159,124.048999995802518
58,ES.SDGC.BU.1354207YJ2715C,2021/07/20 00:00:00.000,declined,1925/01/01 00:00:00.000,1925/01/01 00:00:00.000, ,https://www1.sedecatastro.gob.es/CYCBienInmueble/OVCListaBienes.aspx?rc1=1354207&rc2=YJ2715C,1354207YJ2715C,1354207YJ2715C,ES.SDGC.BU,0.100000000000000,m,footPrint,1,3_industrial,1,0, ,http://ovc.catastro.meh.es/OVCServWeb/OVCWcfLibres/OVCFotoFachada.svc/RecuperarFotoFachadaGet?ReferenciaCatastral=1354207YJ2715C,jpeg,NotOfficial,grossFloorArea,101,m2,50.000000000000000,1201.340057370000068,60.067002868499998,8.265219594705599,42.645741833148165,100.956965117804572
59,ES.SDGC.BU.1354222YJ2715E,2021/07/20 00:00:00.000,functional,1927/01/01 00:00:00.000,1927/01/01 00:00:00.000, ,https://www1.sedecatastro.gob.es/CYCBienInmueble/OVCListaBienes.aspx?rc1=1354222&rc2=YJ2715E,1354222YJ2715E,1354222YJ2715E,ES.SDGC.BU,0.100000000000000,m,footPrint,1,1_residential,1,1, ,http://ovc.catastro.meh.es/OVCServWeb/OVCWcfLibres/OVCFotoFachada.svc/RecuperarFotoFachadaGet?ReferenciaCatastral=1354222YJ2715E,jpeg,NotOfficial,grossFloorArea,104,m2,75.000000000000000,1155.944305420000092,86.695822906499998,11.929345231934400,42.768981738323347,102.952049999340247
60,ES.SDGC.BU.1354223YJ2715E,2021/07/20 00:00:00.000,functional,1927/01/01 00:00:00.000,1927/01/01 00:00:00.000, ,https://www1.sedecatastro.gob.es/CYCBienInmueble/OVCListaBienes.aspx?rc1=1354223&rc2=YJ2715E,1354223YJ2715E,1354223YJ2715E,ES.SDGC.BU,0.100000000000000,m,footPrint,1,1_residential,1,0, ,http://ovc.catastro.meh.es/OVCServWeb/OVCWcfLibres/OVCFotoFachada.svc/RecuperarFotoFachadaGet?ReferenciaCatastral=1354223YJ2715E,jpeg,NotOfficial,grossFloorArea,79,m2,37.500000000000000,1216.733866369999987,45.627519988875001,6.278346750469201,42.215625359107705,81.261950012234223
61,ES.SDGC.BU.1354270YJ2715C,2021/07/20 00:00:00.000,functional,1930/01/01 00:00:00.000,1930/01/01 00:00:00.000, ,https://www1.sedecatastro.gob.es/CYCBienInmueble/OVCListaBienes.aspx?rc1=1354270&rc2=YJ2715C,1354270YJ2715C,1354270YJ2715C,ES.SDGC.BU,0.100000000000000,m,footPrint,1,1_residential,1,1, ,http://ovc.catastro.meh.es/OVCServWeb/OVCWcfLibres/OVCFotoFachada.svc/RecuperarFotoFachadaGet?ReferenciaCatastral=1354270YJ2715C,jpeg,NotOfficial,grossFloorArea,84,m2,18.750000000000000,1019.184326169999963,19.109706115687498,2.629495561518600,40.571104771468192,82.689099997059998
62,ES.SDGC.BU.1354708YJ2715C,2021/07/20 00:00:00.000,functional,1910/01/01 00:00:00.000,1910/01/01 00:00:00.000, ,https://www1.sedecatastro.gob.es/CYCBienInmueble/OVCListaBienes.aspx?rc1=1354708&rc2=YJ2715C,1354708YJ2715C,1354708YJ2715C,ES.SDGC.BU,0.100000000000000,m,footPrint,1,1_residential,1,0, ,http://ovc.catastro.meh.es/OVCServWeb/OVCWcfLibres/OVCFotoFachada.svc/RecuperarFotoFachadaGet?ReferenciaCatastral=1354708YJ2715C,jpeg,NotOfficial,grossFloorArea,32,m2,18.750000000000000,1184.988037110000050,22.218525695812499,3.057269135743800,43.635750430161799,57.305607121652329
63,ES.SDGC.BU.1354709YJ2715C,2021/07/20 00:00:00.000,functional,1910/01/01 00:00:00.000,1910/01/01 00:00:00.000, ,https://www1.sedecatastro.gob.es/CYCBienInmueble/OVCListaBienes.aspx?rc1=1354709&rc2=YJ2715C,1354709YJ2715C,1354709YJ2715C,ES.SDGC.BU,0.100000000000000,m,footPrint,1,3_industrial,1,0, ,http://ovc.catastro.meh.es/OVCServWeb/OVCWcfLibres/OVCFotoFachada.svc/RecuperarFotoFachadaGet?ReferenciaCatastral=1354709YJ2715C,jpeg,NotOfficial,grossFloorArea,52,m2,31.250000000000000,1198.719116210000038,37.459972381562501,5.154492199703000,49.040126427432085,52.154004995014873
64,ES.SDGC.BU.1354711YJ2715C,2021/07/20 00:00:00.000,functional,1908/01/01 00:00:00.000,1908/01/01 00:00:00.000, ,https://www1.sedecatastro.gob.es/CYCBienInmueble/OVCListaBienes.aspx?rc1=1354711&rc2=YJ2715C,1354711YJ2715C,1354711YJ2715C,ES.SDGC.BU,0.100000000000000,m,footPrint,1,3_industrial,1,0, ,http://ovc.catastro.meh.es/OVCServWeb/OVCWcfLibres/OVCFotoFachada.svc/RecuperarFotoFachadaGet?ReferenciaCatastral=1354711YJ2715C,jpeg,NotOfficial,grossFloorArea,102,m2,75.000000000000000,1247.509531659999993,93.563214874500005,12.874298366731201,40.641683039163645,102.109915011169889
65,ES.SDGC.BU.1354712YJ2715C,2021/07/20 00:00:00.000,functional,1908/01/01 00:00:00.000,1908/01/01 00:00:00.000, ,https://www1.sedecatastro.gob.es/CYCBienInmueble/OVCListaBienes.aspx?rc1=1354712&rc2=YJ2715C,1354712YJ2715C,1354712YJ2715C,ES.SDGC.BU,0.100000000000000,m,footPrint,1,3_industrial,1,0, ,http://ovc.catastro.meh.es/OVCServWeb/OVCWcfLibres/OVCFotoFachada.svc/RecuperarFotoFachadaGet?ReferenciaCatastral=1354712YJ2715C,jpeg,NotOfficial,grossFloorArea,85,m2,75.000000000000000,1182.756754559999990,88.706756592000005,12.206049707059201,36.585901672747589,84.699905007293239
66,ES.SDGC.BU.1354713YJ2715C,2021/07/20 00:00:00.000,functional,1928/01/01 00:00:00.000,1928/01/01 00:00:00.000, ,https://www1.sedecatastro.gob.es/CYCBienInmueble/OVCListaBienes.aspx?rc1=1354713&rc2=YJ2715C,1354713YJ2715C,1354713YJ2715C,ES.SDGC.BU,0.100000000000000,m,footPrint,1,1_residential,1,1, ,http://ovc.catastro.meh.es/OVCServWeb/OVCWcfLibres/OVCFotoFachada.svc/RecuperarFotoFachadaGet?ReferenciaCatastral=1354713YJ2715C,jpeg,NotOfficial,grossFloorArea,163,m2,100.000000000000000,1200.142471310000019,120.014247130999991,16.513960405225600,77.290731257831553,162.630599989869268
67,ES.SDGC.BU.1354715YJ2715C,2021/07/20 00:00:00.000,functional,1929/01/01 00:00:00.000,1929/01/01 00:00:00.000, ,https://www1.sedecatastro.gob.es/CYCBienInmueble/OVCListaBienes.aspx?rc1=1354715&rc2=YJ2715C,1354715YJ2715C,1354715YJ2715C,ES.SDGC.BU,0.100000000000000,m,footPrint,1,1_residential,1,1, ,http://ovc.catastro.meh.es/OVCServWeb/OVCWcfLibres/OVCFotoFachada.svc/RecuperarFotoFachadaGet?ReferenciaCatastral=1354715YJ2715C,jpeg,NotOfficial,grossFloorArea,126,m2,37.500000000000000,1226.907653810000056,46.009037017875002,6.330843493659600,68.319577426766287,126.837655116170225
68,ES.SDGC.BU.1355401YJ2715E,2020/12/18 00:00:00.000,functional,1978/01/01 00:00:00.000,1978/01/01 00:00:00.000, ,https://www1.sedecatastro.gob.es/CYCBienInmueble/OVCListaBienes.aspx?rc1=1355401&rc2=YJ2715E,1355401YJ2715E,1355401YJ2715E,ES.SDGC.BU,0.100000000000000,m,footPrint,1,1_residential,35,24, ,http://ovc.catastro.meh.es/OVCServWeb/OVCWcfLibres/OVCFotoFachada.svc/RecuperarFotoFachadaGet?ReferenciaCatastral=1355401YJ2715E,jpeg,NotOfficial,grossFloorArea,2914,m2,406.250000000000000,1200.479081839999935,487.694626997499938,67.106780674855997,99.223971340651957,586.453049988678458
69,ES.SDGC.BU.1355402YJ2715E,2020/12/18 00:00:00.000,functional,1962/01/01 00:00:00.000,1962/01/01 00:00:00.000, ,https://www1.sedecatastro.gob.es/CYCBienInmueble/OVCListaBienes.aspx?rc1=1355402&rc2=YJ2715E,1355402YJ2715E,1355402YJ2715E,ES.SDGC.BU,0.100000000000000,m,footPrint,1,1_residential,20,16, ,http://ovc.catastro.meh.es/OVCServWeb/OVCWcfLibres/OVCFotoFachada.svc/RecuperarFotoFachadaGet?ReferenciaCatastral=1355402YJ2715E,jpeg,NotOfficial,grossFloorArea,1393,m2,237.500000000000000,1166.877626120000059,277.133436203500025,38.133560821601598,82.864821248672271,308.430411006692168
70,ES.SDGC.BU.1355403YJ2715E,2020/12/18 00:00:00.000,functional,1981/01/01 00:00:00.000,1981/01/01 00:00:00.000, ,https://www1.sedecatastro.gob.es/CYCBienInmueble/OVCListaBienes.aspx?rc1=1355403&rc2=YJ2715E,1355403YJ2715E,1355403YJ2715E,ES.SDGC.BU,0.100000000000000,m,footPrint,1,1_residential,28,14, ,http://ovc.catastro.meh.es/OVCServWeb/OVCWcfLibres/OVCFotoFachada.svc/RecuperarFotoFachadaGet?ReferenciaCatastral=1355403YJ2715E,jpeg,NotOfficial,grossFloorArea,2459,m2,275.000000000000000,1206.847331649999887,331.883016203750003,45.667103029636003,120.534738709537805,405.870205994412061
71,ES.SDGC.BU.1355404YJ2715E,2020/12/18 00:00:00.000,functional,1948/01/01 00:00:00.000,1948/01/01 00:00:00.000, ,https://www1.sedecatastro.gob.es/CYCBienInmueble/OVCListaBienes.aspx?rc1=1355404&rc2=YJ2715E,1355404YJ2715E,1355404YJ2715E,ES.SDGC.BU,0.100000000000000,m,footPrint,1,1_residential,1,1, ,http://ovc.catastro.meh.es/OVCServWeb/OVCWcfLibres/OVCFotoFachada.svc/RecuperarFotoFachadaGet?ReferenciaCatastral=1355404YJ2715E,jpeg,NotOfficial,grossFloorArea,208,m2,56.250000000000000,1133.703620060000048,63.770828628375007,8.774866019264401,48.820191780471426,109.313750000386491
72,ES.SDGC.BU.1355405YJ2715E,2020/12/18 00:00:00.000,functional,1952/01/01 00:00:00.000,1952/01/01 00:00:00.000, ,https://www1.sedecatastro.gob.es/CYCBienInmueble/OVCListaBienes.aspx?rc1=1355405&rc2=YJ2715E,1355405YJ2715E,1355405YJ2715E,ES.SDGC.BU,0.100000000000000,m,footPrint,1,1_residential,1,1, ,http://ovc.catastro.meh.es/OVCServWeb/OVCWcfLibres/OVCFotoFachada.svc/RecuperarFotoFachadaGet?ReferenciaCatastral=1355405YJ2715E,jpeg,NotOfficial,grossFloorArea,312,m2,106.250000000000000,1041.996136830000069,110.712089538187499,15.233983520454599,93.262522181945613,209.396626504656467
73,ES.SDGC.BU.1355406YJ2715E,2020/12/18 00:00:00.000,functional,1982/01/01 00:00:00.000,1982/01/01 00:00:00.000, ,https://www1.sedecatastro.gob.es/CYCBienInmueble/OVCListaBienes.aspx?rc1=1355406&rc2=YJ2715E,1355406YJ2715E,1355406YJ2715E,ES.SDGC.BU,0.100000000000000,m,footPrint,1,1_residential,52,33, ,http://ovc.catastro.meh.es/OVCServWeb/OVCWcfLibres/OVCFotoFachada.svc/RecuperarFotoFachadaGet?ReferenciaCatastral=1355406YJ2715E,jpeg,NotOfficial,grossFloorArea,4172,m2,325.000000000000000,1137.994022079999922,369.848057175999998,50.891092667417603,157.685611058186907,595.896596514426051
74,ES.SDGC.BU.1355409YJ2715E,2020/12/18 00:00:00.000,functional,1946/01/01 00:00:00.000,1946/01/01 00:00:00.000, ,https://www1.sedecatastro.gob.es/CYCBienInmueble/OVCListaBienes.aspx?rc1=1355409&rc2=YJ2715E,1355409YJ2715E,1355409YJ2715E,ES.SDGC.BU,0.100000000000000,m,footPrint,1,1_residential,1,1, ,http://ovc.catastro.meh.es/OVCServWeb/OVCWcfLibres/OVCFotoFachada.svc/RecuperarFotoFachadaGet?ReferenciaCatastral=1355409YJ2715E,jpeg,NotOfficial,grossFloorArea,168,m2,43.750000000000000,1103.969369070000084,48.298659896812502,6.645895601801400,43.671232919713127,96.102949997674855
75,ES.SDGC.BU.1355410YJ2715E,2020/12/18 00:00:00.000,functional,1930/01/01 00:00:00.000,1999/01/01 00:00:00.000, ,https://www1.sedecatastro.gob.es/CYCBienInmueble/OVCListaBienes.aspx?rc1=1355410&rc2=YJ2715E,1355410YJ2715E,1355410YJ2715E,ES.SDGC.BU,0.100000000000000,m,footPrint,1,1_residential,1,1, ,http://ovc.catastro.meh.es/OVCServWeb/OVCWcfLibres/OVCFotoFachada.svc/RecuperarFotoFachadaGet?ReferenciaCatastral=1355410YJ2715E,jpeg,NotOfficial,grossFloorArea,203,m2,31.250000000000000,905.318701172000033,28.291209411625001,3.892870415039600,70.589374533502124,139.052346895641648
76,ES.SDGC.BU.1355415YJ2715E,2020/10/29 00:00:00.000,functional,1976/01/01 00:00:00.000,1976/01/01 00:00:00.000, ,https://www1.sedecatastro.gob.es/CYCBienInmueble/OVCListaBienes.aspx?rc1=1355415&rc2=YJ2715E,1355415YJ2715E,1355415YJ2715E,ES.SDGC.BU,0.100000000000000,m,footPrint,1,1_residential,48,40, ,http://ovc.catastro.meh.es/OVCServWeb/OVCWcfLibres/OVCFotoFachada.svc/RecuperarFotoFachadaGet?ReferenciaCatastral=1355415YJ2715E,jpeg,NotOfficial,grossFloorArea,4871,m2,656.250000000000000,1191.809028549999994,782.124674985937531,107.620355278065006,123.033962560151437,916.558422506118063
77,ES.SDGC.BU.1355416YJ2715E,2020/12/18 00:00:00.000,functional,1927/01/01 00:00:00.000,1927/01/01 00:00:00.000, ,https://www1.sedecatastro.gob.es/CYCBienInmueble/OVCListaBienes.aspx?rc1=1355416&rc2=YJ2715E,1355416YJ2715E,1355416YJ2715E,ES.SDGC.BU,0.100000000000000,m,footPrint,1,1_residential,1,1, ,http://ovc.catastro.meh.es/OVCServWeb/OVCWcfLibres/OVCFotoFachada.svc/RecuperarFotoFachadaGet?ReferenciaCatastral=1355416YJ2715E,jpeg,NotOfficial,grossFloorArea,123,m2,50.000000000000000,981.089347838999970,49.054467391949999,6.749894713132321,65.523890249450716,123.353837511775680
78,ES.SDGC.BU.1355419YJ2715E,2020/12/18 00:00:00.000,functional,2006/01/01 00:00:00.000,2006/01/01 00:00:00.000, ,https://www1.sedecatastro.gob.es/CYCBienInmueble/OVCListaBienes.aspx?rc1=1355419&rc2=YJ2715E,1355419YJ2715E,1355419YJ2715E,ES.SDGC.BU,0.100000000000000,m,footPrint,1,1_residential,63,46, ,http://ovc.catastro.meh.es/OVCServWeb/OVCWcfLibres/OVCFotoFachada.svc/RecuperarFotoFachadaGet?ReferenciaCatastral=1355419YJ2715E,jpeg,NotOfficial,grossFloorArea,6468,m2,637.500000000000000,1163.763158460000113,741.899013518250058,102.085304260111215,244.953986601873993,939.185778780968235
79,ES.SDGC.BU.1357201YJ2715E,2020/12/18 00:00:00.000,functional,1993/01/01 00:00:00.000,1993/01/01 00:00:00.000, ,https://www1.sedecatastro.gob.es/CYCBienInmueble/OVCListaBienes.aspx?rc1=1357201&rc2=YJ2715E,1357201YJ2715E,1357201YJ2715E,ES.SDGC.BU,0.100000000000000,m,footPrint,1,4_3_publicServices,1,0, ,http://ovc.catastro.meh.es/OVCServWeb/OVCWcfLibres/OVCFotoFachada.svc/RecuperarFotoFachadaGet?ReferenciaCatastral=1357201YJ2715E,jpeg,NotOfficial,grossFloorArea,20330,m2,487.500000000000000,1098.268091449999929,535.405694581874968,73.671823574465989,440.946980588098427,12003.256152460842713
80,ES.SDGC.BU.1361901YJ2716A,2015/08/19 00:00:00.000,functional,1969/01/01 00:00:00.000,1969/01/01 00:00:00.000, ,https://www1.sedecatastro.gob.es/CYCBienInmueble/OVCListaBienes.aspx?rc1=1361901&rc2=YJ2716A,1361901YJ2716A,1361901YJ2716A,ES.SDGC.BU,0.100000000000000,m,footPrint,1,4_2_retail,1,0, ,http://ovc.catastro.meh.es/OVCServWeb/OVCWcfLibres/OVCFotoFachada.svc/RecuperarFotoFachadaGet?ReferenciaCatastral=1361901YJ2716A,jpeg,NotOfficial,grossFloorArea,228301,m2,63068.750000000000000,1150.675273410000045,72571.651149876939598,9985.859198223066414,4364.826305710328597,148514.547948194784112
81,ES.SDGC.BU.1455101YJ2715E,2020/12/18 00:00:00.000,functional,1841/01/01 00:00:00.000,1841/01/01 00:00:00.000, ,https://www1.sedecatastro.gob.es/CYCBienInmueble/OVCListaBienes.aspx?rc1=1455101&rc2=YJ2715E,1455101YJ2715E,1455101YJ2715E,ES.SDGC.BU,0.100000000000000,m,footPrint,1,1_residential,24,20, ,http://ovc.catastro.meh.es/OVCServWeb/OVCWcfLibres/OVCFotoFachada.svc/RecuperarFotoFachadaGet?ReferenciaCatastral=1455101YJ2715E,jpeg,NotOfficial,grossFloorArea,1838,m2,237.500000000000000,1174.619546989999890,278.972142410125002,38.386566795633200,119.800265653477439,417.050815281318819
82,ES.SDGC.BU.1455105YJ2715E,2020/12/18 00:00:00.000,functional,1926/01/01 00:00:00.000,1926/01/01 00:00:00.000, ,https://www1.sedecatastro.gob.es/CYCBienInmueble/OVCListaBienes.aspx?rc1=1455105&rc2=YJ2715E,1455105YJ2715E,1455105YJ2715E,ES.SDGC.BU,0.100000000000000,m,footPrint,1,1_residential,1,1, ,http://ovc.catastro.meh.es/OVCServWeb/OVCWcfLibres/OVCFotoFachada.svc/RecuperarFotoFachadaGet?ReferenciaCatastral=1455105YJ2715E,jpeg,NotOfficial,grossFloorArea,119,m2,81.250000000000000,1003.746370759999991,81.554392624249999,11.221884425096800,63.824139568881165,119.594480619808195
83,ES.SDGC.BU.1455106YJ2715E,2020/12/18 00:00:00.000,functional,1970/01/01 00:00:00.000,1970/01/01 00:00:00.000, ,https://www1.sedecatastro.gob.es/CYCBienInmueble/OVCListaBienes.aspx?rc1=1455106&rc2=YJ2715E,1455106YJ2715E,1455106YJ2715E,ES.SDGC.BU,0.100000000000000,m,footPrint,1,1_residential,1,1, ,http://ovc.catastro.meh.es/OVCServWeb/OVCWcfLibres/OVCFotoFachada.svc/RecuperarFotoFachadaGet?ReferenciaCatastral=1455106YJ2715E,jpeg,NotOfficial,grossFloorArea,123,m2,62.500000000000000,1012.576013180000018,63.286000823750001,8.708153713348000,62.284190253034318,116.861561494696758
84,ES.SDGC.BU.1455107YJ2715E,2020/12/18 00:00:00.000,functional,1924/01/01 00:00:00.000,1924/01/01 00:00:00.000, ,https://www1.sedecatastro.gob.es/CYCBienInmueble/OVCListaBienes.aspx?rc1=1455107&rc2=YJ2715E,1455107YJ2715E,1455107YJ2715E,ES.SDGC.BU,0.100000000000000,m,footPrint,1,1_residential,1,1, ,http://ovc.catastro.meh.es/OVCServWeb/OVCWcfLibres/OVCFotoFachada.svc/RecuperarFotoFachadaGet?ReferenciaCatastral=1455107YJ2715E,jpeg,NotOfficial,grossFloorArea,171,m2,75.000000000000000,1132.199422200000072,84.914956665000005,11.684298037104002,60.423037353610454,98.771501941875215
85,ES.SDGC.BU.1455108YJ2715E,2020/12/18 00:00:00.000,functional,1926/01/01 00:00:00.000,1926/01/01 00:00:00.000, ,https://www1.sedecatastro.gob.es/CYCBienInmueble/OVCListaBienes.aspx?rc1=1455108&rc2=YJ2715E,1455108YJ2715E,1455108YJ2715E,ES.SDGC.BU,0.100000000000000,m,footPrint,1,1_residential,1,1, ,http://ovc.catastro.meh.es/OVCServWeb/OVCWcfLibres/OVCFotoFachada.svc/RecuperarFotoFachadaGet?ReferenciaCatastral=1455108YJ2715E,jpeg,NotOfficial,grossFloorArea,136,m2,75.000000000000000,1105.748479209999914,82.931135940749996,11.411324305447200,71.518709069515424,136.501800004529571
86,ES.SDGC.BU.1455109YJ2715E,2020/12/18 00:00:00.000,functional,1958/01/01 00:00:00.000,1958/01/01 00:00:00.000, ,https://www1.sedecatastro.gob.es/CYCBienInmueble/OVCListaBienes.aspx?rc1=1455109&rc2=YJ2715E,1455109YJ2715E,1455109YJ2715E,ES.SDGC.BU,0.100000000000000,m,footPrint,1,1_residential,1,1, ,http://ovc.catastro.meh.es/OVCServWeb/OVCWcfLibres/OVCFotoFachada.svc/RecuperarFotoFachadaGet?ReferenciaCatastral=1455109YJ2715E,jpeg,NotOfficial,grossFloorArea,585,m2,200.000000000000000,1046.543144230000053,209.308628846000005,28.800867329209598,97.084168758696237,329.312165504683946
87,ES.SDGC.BU.1455110YJ2715E,2020/12/18 00:00:00.000,functional,1956/01/01 00:00:00.000,1956/01/01 00:00:00.000, ,https://www1.sedecatastro.gob.es/CYCBienInmueble/OVCListaBienes.aspx?rc1=1455110&rc2=YJ2715E,1455110YJ2715E,1455110YJ2715E,ES.SDGC.BU,0.100000000000000,m,footPrint,1,1_residential,2,2, ,http://ovc.catastro.meh.es/OVCServWeb/OVCWcfLibres/OVCFotoFachada.svc/RecuperarFotoFachadaGet?ReferenciaCatastral=1455110YJ2715E,jpeg,NotOfficial,grossFloorArea,181,m2,25.000000000000000,902.678848267000035,22.566971206674999,3.105215238038480,59.876299052225100,106.038382495757588
88,ES.SDGC.BU.1455111YJ2715E,2020/12/18 00:00:00.000,functional,1968/01/01 00:00:00.000,1968/01/01 00:00:00.000, ,https://www1.sedecatastro.gob.es/CYCBienInmueble/OVCListaBienes.aspx?rc1=1455111&rc2=YJ2715E,1455111YJ2715E,1455111YJ2715E,ES.SDGC.BU,0.100000000000000,m,footPrint,1,1_residential,18,12, ,http://ovc.catastro.meh.es/OVCServWeb/OVCWcfLibres/OVCFotoFachada.svc/RecuperarFotoFachadaGet?ReferenciaCatastral=1455111YJ2715E,jpeg,NotOfficial,grossFloorArea,1204,m2,150.000000000000000,1244.338297530000091,186.650744629500025,25.683142461019202,85.734156962394081,280.831667492924623
89,ES.SDGC.BU.1455112YJ2715E,2020/12/18 00:00:00.000,functional,1968/01/01 00:00:00.000,1968/01/01 00:00:00.000, ,https://www1.sedecatastro.gob.es/CYCBienInmueble/OVCListaBienes.aspx?rc1=1455112&rc2=YJ2715E,1455112YJ2715E,1455112YJ2715E,ES.SDGC.BU,0.100000000000000,m,footPrint,1,3_industrial,1,0, ,http://ovc.catastro.meh.es/OVCServWeb/OVCWcfLibres/OVCFotoFachada.svc/RecuperarFotoFachadaGet?ReferenciaCatastral=1455112YJ2715E,jpeg,NotOfficial,grossFloorArea,619,m2,312.500000000000000,936.350582274999965,292.609556960937482,40.263075037824997,105.622735722219019,585.716825430799531
90,ES.SDGC.BU.1455113YJ2715E,2020/12/18 00:00:00.000,functional,1965/01/01 00:00:00.000,1965/01/01 00:00:00.000, ,https://www1.sedecatastro.gob.es/CYCBienInmueble/OVCListaBienes.aspx?rc1=1455113&rc2=YJ2715E,1455113YJ2715E,1455113YJ2715E,ES.SDGC.BU,0.100000000000000,m,footPrint,1,1_residential,10,10, ,http://ovc.catastro.meh.es/OVCServWeb/OVCWcfLibres/OVCFotoFachada.svc/RecuperarFotoFachadaGet?ReferenciaCatastral=1455113YJ2715E,jpeg,NotOfficial,grossFloorArea,748,m2,93.750000000000000,1187.835009769999942,111.359532165937495,15.323071626033000,54.077832050569853,152.329915012861647
91,ES.SDGC.BU.1455114YJ2715E,2020/12/18 00:00:00.000,functional,1963/01/01 00:00:00.000,1963/01/01 00:00:00.000, ,https://www1.sedecatastro.gob.es/CYCBienInmueble/OVCListaBienes.aspx?rc1=1455114&rc2=YJ2715E,1455114YJ2715E,1455114YJ2715E,ES.SDGC.BU,0.100000000000000,m,footPrint,1,1_residential,10,10, ,http://ovc.catastro.meh.es/OVCServWeb/OVCWcfLibres/OVCFotoFachada.svc/RecuperarFotoFachadaGet?ReferenciaCatastral=1455114YJ2715E,jpeg,NotOfficial,grossFloorArea,706,m2,87.500000000000000,1137.332358220000060,99.516581344250014,13.693481592968803,68.411776311346500,166.056751500678388
92,ES.SDGC.BU.1455115YJ2715E,2020/12/18 00:00:00.000,functional,2008/01/01 00:00:00.000,2008/01/01 00:00:00.000, ,https://www1.sedecatastro.gob.es/CYCBienInmueble/OVCListaBienes.aspx?rc1=1455115&rc2=YJ2715E,1455115YJ2715E,1455115YJ2715E,ES.SDGC.BU,0.100000000000000,m,footPrint,1,1_residential,34,12, ,http://ovc.catastro.meh.es/OVCServWeb/OVCWcfLibres/OVCFotoFachada.svc/RecuperarFotoFachadaGet?ReferenciaCatastral=1455115YJ2715E,jpeg,NotOfficial,grossFloorArea,2485,m2,87.500000000000000,1032.633383610000010,90.355421065874992,12.432905938664399,82.774978358012419,378.710420099685393
93,ES.SDGC.BU.1455401YJ2715E,2020/12/18 00:00:00.000,functional,1965/01/01 00:00:00.000,1965/01/01 00:00:00.000, ,https://www1.sedecatastro.gob.es/CYCBienInmueble/OVCListaBienes.aspx?rc1=1455401&rc2=YJ2715E,1455401YJ2715E,1455401YJ2715E,ES.SDGC.BU,0.100000000000000,m,footPrint,1,1_residential,64,55, ,http://ovc.catastro.meh.es/OVCServWeb/OVCWcfLibres/OVCFotoFachada.svc/RecuperarFotoFachadaGet?ReferenciaCatastral=1455401YJ2715E,jpeg,NotOfficial,grossFloorArea,4758,m2,481.250000000000000,1167.379374710000093,561.801324079187566,77.303862193296212,231.998017587549981,1125.824222464600552
94,ES.SDGC.BU.1455404YJ2715E,2020/12/18 00:00:00.000,functional,1958/01/01 00:00:00.000,1958/01/01 00:00:00.000, ,https://www1.sedecatastro.gob.es/CYCBienInmueble/OVCListaBienes.aspx?rc1=1455404&rc2=YJ2715E,1455404YJ2715E,1455404YJ2715E,ES.SDGC.BU,0.100000000000000,m,footPrint,1,1_residential,1,1, ,http://ovc.catastro.meh.es/OVCServWeb/OVCWcfLibres/OVCFotoFachada.svc/RecuperarFotoFachadaGet?ReferenciaCatastral=1455404YJ2715E,jpeg,NotOfficial,grossFloorArea,140,m2,31.250000000000000,1101.278515620000007,34.414953613125000,4.735497617166000,44.925675002703848,76.751250004270119
95,ES.SDGC.BU.1455405YJ2715E,2020/12/18 00:00:00.000,functional,1958/01/01 00:00:00.000,1958/01/01 00:00:00.000, ,https://www1.sedecatastro.gob.es/CYCBienInmueble/OVCListaBienes.aspx?rc1=1455405&rc2=YJ2715E,1455405YJ2715E,1455405YJ2715E,ES.SDGC.BU,0.100000000000000,m,footPrint,1,1_residential,1,1, ,http://ovc.catastro.meh.es/OVCServWeb/OVCWcfLibres/OVCFotoFachada.svc/RecuperarFotoFachadaGet?ReferenciaCatastral=1455405YJ2715E,jpeg,NotOfficial,grossFloorArea,169,m2,75.000000000000000,1008.973475140000005,75.673010635500006,10.412606263444800,60.127930682576803,99.450029002036715
96,ES.SDGC.BU.1455406YJ2715E,2020/10/29 00:00:00.000,functional,1999/01/01 00:00:00.000,1999/01/01 00:00:00.000, ,https://www1.sedecatastro.gob.es/CYCBienInmueble/OVCListaBienes.aspx?rc1=1455406&rc2=YJ2715E,1455406YJ2715E,1455406YJ2715E,ES.SDGC.BU,0.100000000000000,m,footPrint,1,1_residential,60,22, ,http://ovc.catastro.meh.es/OVCServWeb/OVCWcfLibres/OVCFotoFachada.svc/RecuperarFotoFachadaGet?ReferenciaCatastral=1455406YJ2715E,jpeg,NotOfficial,grossFloorArea,3651,m2,400.000000000000000,1148.953897480000023,459.581558991999998,63.238422517299199,128.525824228478427,742.447372497922061
97,ES.SDGC.BU.1456202YJ2715E,2020/12/18 00:00:00.000,functional,1987/01/01 00:00:00.000,1987/01/01 00:00:00.000, ,https://www1.sedecatastro.gob.es/CYCBienInmueble/OVCListaBienes.aspx?rc1=1456202&rc2=YJ2715E,1456202YJ2715E,1456202YJ2715E,ES.SDGC.BU,0.100000000000000,m,footPrint,1,4_2_retail,1,0, ,http://ovc.catastro.meh.es/OVCServWeb/OVCWcfLibres/OVCFotoFachada.svc/RecuperarFotoFachadaGet?ReferenciaCatastral=1456202YJ2715E,jpeg,NotOfficial,grossFloorArea,4052,m2,437.500000000000000,1196.733647810000093,523.570970916875012,72.043365598161998,175.330195599286697,691.874472409983241
98,ES.SDGC.BU.1456203YJ2715E,2020/12/18 00:00:00.000,functional,1970/01/01 00:00:00.000,1970/01/01 00:00:00.000, ,https://www1.sedecatastro.gob.es/CYCBienInmueble/OVCListaBienes.aspx?rc1=1456203&rc2=YJ2715E,1456203YJ2715E,1456203YJ2715E,ES.SDGC.BU,0.100000000000000,m,footPrint,1,1_residential,33,24, ,http://ovc.catastro.meh.es/OVCServWeb/OVCWcfLibres/OVCFotoFachada.svc/RecuperarFotoFachadaGet?ReferenciaCatastral=1456203YJ2715E,jpeg,NotOfficial,grossFloorArea,3076,m2,412.500000000000000,1154.605755430000045,476.274874114875047,65.535422678206814,98.131155411927594,572.528582029597601
99,ES.SDGC.BU.1456204YJ2715E,2020/12/18 00:00:00.000,functional,2008/01/01 00:00:00.000,2008/01/01 00:00:00.000, ,https://www1.sedecatastro.gob.es/CYCBienInmueble/OVCListaBienes.aspx?rc1=1456204&rc2=YJ2715E,1456204YJ2715E,1456204YJ2715E,ES.SDGC.BU,0.100000000000000,m,footPrint,1,1_residential,8,5, ,http://ovc.catastro.meh.es/OVCServWeb/OVCWcfLibres/OVCFotoFachada.svc/RecuperarFotoFachadaGet?ReferenciaCatastral=1456204YJ2715E,jpeg,NotOfficial,grossFloorArea,793,m2,50.000000000000000,1043.044120790000079,52.152206039500001,7.176143551035200,54.486597072560642,140.647419928041842
100,ES.SDGC.BU.1456205YJ2715E,2020/12/18 00:00:00.000,functional,1991/01/01 00:00:00.000,1991/01/01 00:00:00.000, ,https://www1.sedecatastro.gob.es/CYCBienInmueble/OVCListaBienes.aspx?rc1=1456205&rc2=YJ2715E,1456205YJ2715E,1456205YJ2715E,ES.SDGC.BU,0.100000000000000,m,footPrint,1,1_residential,28,18, ,http://ovc.catastro.meh.es/OVCServWeb/OVCWcfLibres/OVCFotoFachada.svc/RecuperarFotoFachadaGet?ReferenciaCatastral=1456205YJ2715E,jpeg,NotOfficial,grossFloorArea,1645,m2,175.000000000000000,1172.936407910000071,205.263871384249995,28.244308702472804,74.417287805785605,281.255642823803726
101,ES.SDGC.BU.1456207YJ2715E,2020/12/18 00:00:00.000,functional,1962/01/01 00:00:00.000,1962/01/01 00:00:00.000, ,https://www1.sedecatastro.gob.es/CYCBienInmueble/OVCListaBienes.aspx?rc1=1456207&rc2=YJ2715E,1456207YJ2715E,1456207YJ2715E,ES.SDGC.BU,0.100000000000000,m,footPrint,1,1_residential,5,4, ,http://ovc.catastro.meh.es/OVCServWeb/OVCWcfLibres/OVCFotoFachada.svc/RecuperarFotoFachadaGet?ReferenciaCatastral=1456207YJ2715E,jpeg,NotOfficial,grossFloorArea,389,m2,50.000000000000000,1156.725616460000083,57.836280823000003,7.958272241244801,49.449607608265779,87.573529005884041
102,ES.SDGC.BU.1456208YJ2715E,2020/12/18 00:00:00.000,functional,1994/01/01 00:00:00.000,1994/01/01 00:00:00.000, ,https://www1.sedecatastro.gob.es/CYCBienInmueble/OVCListaBienes.aspx?rc1=1456208&rc2=YJ2715E,1456208YJ2715E,1456208YJ2715E,ES.SDGC.BU,0.100000000000000,m,footPrint,1,1_residential,17,10, ,http://ovc.catastro.meh.es/OVCServWeb/OVCWcfLibres/OVCFotoFachada.svc/RecuperarFotoFachadaGet?ReferenciaCatastral=1456208YJ2715E,jpeg,NotOfficial,grossFloorArea,1186,m2,87.500000000000000,1057.724426270000095,92.550887298625000,12.735002092290800,67.777826962326785,235.524845508176043
103,ES.SDGC.BU.1456210YJ2715E,2020/12/18 00:00:00.000,functional,1950/01/01 00:00:00.000,1950/01/01 00:00:00.000, ,https://www1.sedecatastro.gob.es/CYCBienInmueble/OVCListaBienes.aspx?rc1=1456210&rc2=YJ2715E,1456210YJ2715E,1456210YJ2715E,ES.SDGC.BU,0.100000000000000,m,footPrint,1,1_residential,2,1, ,http://ovc.catastro.meh.es/OVCServWeb/OVCWcfLibres/OVCFotoFachada.svc/RecuperarFotoFachadaGet?ReferenciaCatastral=1456210YJ2715E,jpeg,NotOfficial,grossFloorArea,225,m2,25.000000000000000,1105.803665160000037,27.645091629000003,3.803964608150400,44.586277634424285,113.228522029277570
104,ES.SDGC.BU.1456211YJ2715E,2020/12/18 00:00:00.000,functional,1953/01/01 00:00:00.000,1953/01/01 00:00:00.000, ,https://www1.sedecatastro.gob.es/CYCBienInmueble/OVCListaBienes.aspx?rc1=1456211&rc2=YJ2715E,1456211YJ2715E,1456211YJ2715E,ES.SDGC.BU,0.100000000000000,m,footPrint,1,1_residential,1,1, ,http://ovc.catastro.meh.es/OVCServWeb/OVCWcfLibres/OVCFotoFachada.svc/RecuperarFotoFachadaGet?ReferenciaCatastral=1456211YJ2715E,jpeg,NotOfficial,grossFloorArea,196,m2,50.000000000000000,1130.479034420000062,56.523951721000003,7.777695756809601,46.088367763952277,103.429674475926447
105,ES.SDGC.BU.1456212YJ2715E,2020/12/18 00:00:00.000,functional,1949/01/01 00:00:00.000,1949/01/01 00:00:00.000, ,https://www1.sedecatastro.gob.es/CYCBienInmueble/OVCListaBienes.aspx?rc1=1456212&rc2=YJ2715E,1456212YJ2715E,1456212YJ2715E,ES.SDGC.BU,0.100000000000000,m,footPrint,1,1_residential,1,1, ,http://ovc.catastro.meh.es/OVCServWeb/OVCWcfLibres/OVCFotoFachada.svc/RecuperarFotoFachadaGet?ReferenciaCatastral=1456212YJ2715E,jpeg,NotOfficial,grossFloorArea,276,m2,62.500000000000000,1076.572045899999921,67.285752868749995,9.258519594739999,52.859229629662721,155.838585631512728
106,ES.SDGC.BU.1456213YJ2715E,2020/12/18 00:00:00.000,functional,2007/01/01 00:00:00.000,2007/01/01 00:00:00.000, ,https://www1.sedecatastro.gob.es/CYCBienInmueble/OVCListaBienes.aspx?rc1=1456213&rc2=YJ2715E,1456213YJ2715E,1456213YJ2715E,ES.SDGC.BU,0.100000000000000,m,footPrint,1,1_residential,1,1, ,http://ovc.catastro.meh.es/OVCServWeb/OVCWcfLibres/OVCFotoFachada.svc/RecuperarFotoFachadaGet?ReferenciaCatastral=1456213YJ2715E,jpeg,NotOfficial,grossFloorArea,461,m2,43.750000000000000,1123.211844310000060,49.140518188562503,6.761735302746200,52.430711626327749,131.073123944478255
107,ES.SDGC.BU.1456214YJ2715E,2020/12/18 00:00:00.000,functional,1952/01/01 00:00:00.000,1952/01/01 00:00:00.000, ,https://www1.sedecatastro.gob.es/CYCBienInmueble/OVCListaBienes.aspx?rc1=1456214&rc2=YJ2715E,1456214YJ2715E,1456214YJ2715E,ES.SDGC.BU,0.100000000000000,m,footPrint,1,1_residential,1,1, ,http://ovc.catastro.meh.es/OVCServWeb/OVCWcfLibres/OVCFotoFachada.svc/RecuperarFotoFachadaGet?ReferenciaCatastral=1456214YJ2715E,jpeg,NotOfficial,grossFloorArea,232,m2,75.000000000000000,1161.953531899999916,87.146514892499994,11.991360449207999,62.341181892547482,129.782039997543535
108,ES.SDGC.BU.1456215YJ2715E,2020/12/18 00:00:00.000,functional,1944/01/01 00:00:00.000,2004/01/01 00:00:00.000, ,https://www1.sedecatastro.gob.es/CYCBienInmueble/OVCListaBienes.aspx?rc1=1456215&rc2=YJ2715E,1456215YJ2715E,1456215YJ2715E,ES.SDGC.BU,0.100000000000000,m,footPrint,1,1_residential,1,1, ,http://ovc.catastro.meh.es/OVCServWeb/OVCWcfLibres/OVCFotoFachada.svc/RecuperarFotoFachadaGet?ReferenciaCatastral=1456215YJ2715E,jpeg,NotOfficial,grossFloorArea,150,m2,106.250000000000000,1086.330706429999964,115.422637558187489,15.882154928006598,51.983317803948914,144.308869573736729
109,ES.SDGC.BU.1456216YJ2715E,2020/12/18 00:00:00.000,functional,1930/01/01 00:00:00.000,1930/01/01 00:00:00.000, ,https://www1.sedecatastro.gob.es/CYCBienInmueble/OVCListaBienes.aspx?rc1=1456216&rc2=YJ2715E,1456216YJ2715E,1456216YJ2715E,ES.SDGC.BU,0.100000000000000,m,footPrint,1,1_residential,1,1, ,http://ovc.catastro.meh.es/OVCServWeb/OVCWcfLibres/OVCFotoFachada.svc/RecuperarFotoFachadaGet?ReferenciaCatastral=1456216YJ2715E,jpeg,NotOfficial,grossFloorArea,171,m2,100.000000000000000,1074.004447940000091,107.400444794000009,14.778301203654403,62.187149022331297,154.866684507216689
110,ES.SDGC.BU.1456217YJ2715E,2020/12/18 00:00:00.000,functional,1933/01/01 00:00:00.000,1933/01/01 00:00:00.000, ,https://www1.sedecatastro.gob.es/CYCBienInmueble/OVCListaBienes.aspx?rc1=1456217&rc2=YJ2715E,1456217YJ2715E,1456217YJ2715E,ES.SDGC.BU,0.100000000000000,m,footPrint,1,1_residential,1,1, ,http://ovc.catastro.meh.es/OVCServWeb/OVCWcfLibres/OVCFotoFachada.svc/RecuperarFotoFachadaGet?ReferenciaCatastral=1456217YJ2715E,jpeg,NotOfficial,grossFloorArea,120,m2,112.500000000000000,1143.496147999999948,128.643316650000003,17.701320371039998,50.530455784593769,134.119116985245228
111,ES.SDGC.BU.1456219YJ2715E,2020/12/18 00:00:00.000,functional,1929/01/01 00:00:00.000,1929/01/01 00:00:00.000, ,https://www1.sedecatastro.gob.es/CYCBienInmueble/OVCListaBienes.aspx?rc1=1456219&rc2=YJ2715E,1456219YJ2715E,1456219YJ2715E,ES.SDGC.BU,0.100000000000000,m,footPrint,1,3_industrial,1,0, ,http://ovc.catastro.meh.es/OVCServWeb/OVCWcfLibres/OVCFotoFachada.svc/RecuperarFotoFachadaGet?ReferenciaCatastral=1456219YJ2715E,jpeg,NotOfficial,grossFloorArea,122,m2,87.500000000000000,1137.893654960000049,99.565694809000007,13.700239605718400,57.445268069686009,122.329300003537710
112,ES.SDGC.BU.1456220YJ2715E,2020/12/18 00:00:00.000,functional,1932/01/01 00:00:00.000,1932/01/01 00:00:00.000, ,https://www1.sedecatastro.gob.es/CYCBienInmueble/OVCListaBienes.aspx?rc1=1456220&rc2=YJ2715E,1456220YJ2715E,1456220YJ2715E,ES.SDGC.BU,0.100000000000000,m,footPrint,1,3_industrial,1,0, ,http://ovc.catastro.meh.es/OVCServWeb/OVCWcfLibres/OVCFotoFachada.svc/RecuperarFotoFachadaGet?ReferenciaCatastral=1456220YJ2715E,jpeg,NotOfficial,grossFloorArea,38,m2,25.000000000000000,1128.752746579999894,28.218818664499999,3.882909448235200,28.325698836105708,38.456199997888135
113,ES.SDGC.BU.1456226YJ2715E,2020/12/18 00:00:00.000,functional,2012/01/01 00:00:00.000,2012/01/01 00:00:00.000, ,https://www1.sedecatastro.gob.es/CYCBienInmueble/OVCListaBienes.aspx?rc1=1456226&rc2=YJ2715E,1456226YJ2715E,1456226YJ2715E,ES.SDGC.BU,0.100000000000000,m,footPrint,1,1_residential,1,0, ,http://ovc.catastro.meh.es/OVCServWeb/OVCWcfLibres/OVCFotoFachada.svc/RecuperarFotoFachadaGet?ReferenciaCatastral=1456226YJ2715E,jpeg,NotOfficial,grossFloorArea,25,m2,6.250000000000000,1180.877929689999974,7.380487060562500,1.015555019533400,25.739952871349086,24.878738720813089
114,ES.SDGC.BU.1456401YJ2715E,2020/12/18 00:00:00.000,functional,2004/01/01 00:00:00.000,2004/01/01 00:00:00.000, ,https://www1.sedecatastro.gob.es/CYCBienInmueble/OVCListaBienes.aspx?rc1=1456401&rc2=YJ2715E,1456401YJ2715E,1456401YJ2715E,ES.SDGC.BU,0.100000000000000,m,footPrint,1,1_residential,79,30, ,http://ovc.catastro.meh.es/OVCServWeb/OVCWcfLibres/OVCFotoFachada.svc/RecuperarFotoFachadaGet?ReferenciaCatastral=1456401YJ2715E,jpeg,NotOfficial,grossFloorArea,5138,m2,537.500000000000000,1132.979019520000065,608.976222992000089,83.795128283699214,145.479096462004719,1141.293815156511982
115,ES.SDGC.BU.1456402YJ2715E,2020/12/18 00:00:00.000,functional,1977/01/01 00:00:00.000,1977/01/01 00:00:00.000, ,https://www1.sedecatastro.gob.es/CYCBienInmueble/OVCListaBienes.aspx?rc1=1456402&rc2=YJ2715E,1456402YJ2715E,1456402YJ2715E,ES.SDGC.BU,0.100000000000000,m,footPrint,1,1_residential,10,8, ,http://ovc.catastro.meh.es/OVCServWeb/OVCWcfLibres/OVCFotoFachada.svc/RecuperarFotoFachadaGet?ReferenciaCatastral=1456402YJ2715E,jpeg,NotOfficial,grossFloorArea,1414,m2,218.750000000000000,1109.597176689999969,242.724382400937486,33.398875018368997,88.714795383975968,335.580537370078048
116,ES.SDGC.BU.1456403YJ2715E,2020/12/18 00:00:00.000,functional,2000/01/01 00:00:00.000,2000/01/01 00:00:00.000, ,https://www1.sedecatastro.gob.es/CYCBienInmueble/OVCListaBienes.aspx?rc1=1456403&rc2=YJ2715E,1456403YJ2715E,1456403YJ2715E,ES.SDGC.BU,0.100000000000000,m,footPrint,1,1_residential,19,14, ,http://ovc.catastro.meh.es/OVCServWeb/OVCWcfLibres/OVCFotoFachada.svc/RecuperarFotoFachadaGet?ReferenciaCatastral=1456403YJ2715E,jpeg,NotOfficial,grossFloorArea,2302,m2,306.250000000000000,1088.790204729999914,333.442000198562482,45.881619227322197,144.960167326028056,545.035979259342753
117,ES.SDGC.BU.1456404YJ2715E,2020/10/23 00:00:00.000,functional,2011/01/01 00:00:00.000,2011/01/01 00:00:00.000, ,https://www1.sedecatastro.gob.es/CYCBienInmueble/OVCListaBienes.aspx?rc1=1456404&rc2=YJ2715E,1456404YJ2715E,1456404YJ2715E,ES.SDGC.BU,0.100000000000000,m,footPrint,1,1_residential,17,16, ,http://ovc.catastro.meh.es/OVCServWeb/OVCWcfLibres/OVCFotoFachada.svc/RecuperarFotoFachadaGet?ReferenciaCatastral=1456404YJ2715E,jpeg,NotOfficial,grossFloorArea,2065,m2,212.500000000000000,1119.453904100000045,237.883954621250012,32.732832155884005,141.548984688045550,547.307407348712786
118,ES.SDGC.BU.1456405YJ2715E,2020/12/18 00:00:00.000,functional,1965/01/01 00:00:00.000,1965/01/01 00:00:00.000, ,https://www1.sedecatastro.gob.es/CYCBienInmueble/OVCListaBienes.aspx?rc1=1456405&rc2=YJ2715E,1456405YJ2715E,1456405YJ2715E,ES.SDGC.BU,0.100000000000000,m,footPrint,1,1_residential,33,30, ,http://ovc.catastro.meh.es/OVCServWeb/OVCWcfLibres/OVCFotoFachada.svc/RecuperarFotoFachadaGet?ReferenciaCatastral=1456405YJ2715E,jpeg,NotOfficial,grossFloorArea,3072,m2,312.500000000000000,1156.552413330000036,361.422629165625040,49.731753773190007,109.660559520405499,662.461445480401153
119,ES.SDGC.BU.1456406YJ2715F,2020/12/18 00:00:00.000,functional,1903/01/01 00:00:00.000,1903/01/01 00:00:00.000, ,https://www1.sedecatastro.gob.es/CYCBienInmueble/OVCListaBienes.aspx?rc1=1456406&rc2=YJ2715F,1456406YJ2715F,1456406YJ2715F,ES.SDGC.BU,0.100000000000000,m,footPrint,1,1_residential,2,2, ,http://ovc.catastro.meh.es/OVCServWeb/OVCWcfLibres/OVCFotoFachada.svc/RecuperarFotoFachadaGet?ReferenciaCatastral=1456406YJ2715F,jpeg,NotOfficial,grossFloorArea,218,m2,37.500000000000000,948.007212320999997,35.550270462037503,4.891717215576360,44.683613080881472,123.361874003942702
120,ES.SDGC.BU.1456407YJ2715F,2020/12/18 00:00:00.000,functional,1965/01/01 00:00:00.000,1965/01/01 00:00:00.000, ,https://www1.sedecatastro.gob.es/CYCBienInmueble/OVCListaBienes.aspx?rc1=1456407&rc2=YJ2715F,1456407YJ2715F,1456407YJ2715F,ES.SDGC.BU,0.100000000000000,m,footPrint,1,1_residential,22,20, ,http://ovc.catastro.meh.es/OVCServWeb/OVCWcfLibres/OVCFotoFachada.svc/RecuperarFotoFachadaGet?ReferenciaCatastral=1456407YJ2715F,jpeg,NotOfficial,grossFloorArea,1675,m2,100.000000000000000,1063.094444269999940,106.309444426999988,14.628179553155197,85.111545989968491,288.632114507701772
121,ES.SDGC.BU.1456408YJ2715F,2020/12/18 00:00:00.000,functional,1910/01/01 00:00:00.000,1910/01/01 00:00:00.000, ,https://www1.sedecatastro.gob.es/CYCBienInmueble/OVCListaBienes.aspx?rc1=1456408&rc2=YJ2715F,1456408YJ2715F,1456408YJ2715F,ES.SDGC.BU,0.100000000000000,m,footPrint,1,1_residential,1,1, ,http://ovc.catastro.meh.es/OVCServWeb/OVCWcfLibres/OVCFotoFachada.svc/RecuperarFotoFachadaGet?ReferenciaCatastral=1456408YJ2715F,jpeg,NotOfficial,grossFloorArea,156,m2,56.250000000000000,1104.925028480000037,62.152032852000005,8.552119720435201,58.525371295287151,156.232064033619025
122,ES.SDGC.BU.1456409YJ2715F,2020/12/18 00:00:00.000,functional,1908/01/01 00:00:00.000,1908/01/01 00:00:00.000, ,https://www1.sedecatastro.gob.es/CYCBienInmueble/OVCListaBienes.aspx?rc1=1456409&rc2=YJ2715F,1456409YJ2715F,1456409YJ2715F,ES.SDGC.BU,0.100000000000000,m,footPrint,1,1_residential,1,1, ,http://ovc.catastro.meh.es/OVCServWeb/OVCWcfLibres/OVCFotoFachada.svc/RecuperarFotoFachadaGet?ReferenciaCatastral=1456409YJ2715F,jpeg,NotOfficial,grossFloorArea,193,m2,68.750000000000000,1045.456559610000113,71.875138473187519,9.890019053910603,66.733706519047999,165.953066500132081
123,ES.SDGC.BU.1456410YJ2715F,2020/12/18 00:00:00.000,functional,2000/01/01 00:00:00.000,2000/01/01 00:00:00.000, ,https://www1.sedecatastro.gob.es/CYCBienInmueble/OVCListaBienes.aspx?rc1=1456410&rc2=YJ2715F,1456410YJ2715F,1456410YJ2715F,ES.SDGC.BU,0.100000000000000,m,footPrint,1,1_residential,1,1, ,http://ovc.catastro.meh.es/OVCServWeb/OVCWcfLibres/OVCFotoFachada.svc/RecuperarFotoFachadaGet?ReferenciaCatastral=1456410YJ2715F,jpeg,NotOfficial,grossFloorArea,79,m2,25.000000000000000,942.593551636000029,23.564838790900001,3.242521817627841,51.409922299873983,79.623353504322992
124,ES.SDGC.BU.1456411YJ2715F,2020/12/18 00:00:00.000,functional,1910/01/01 00:00:00.000,1910/01/01 00:00:00.000, ,https://www1.sedecatastro.gob.es/CYCBienInmueble/OVCListaBienes.aspx?rc1=1456411&rc2=YJ2715F,1456411YJ2715F,1456411YJ2715F,ES.SDGC.BU,0.100000000000000,m,footPrint,1,3_industrial,1,0, ,http://ovc.catastro.meh.es/OVCServWeb/OVCWcfLibres/OVCFotoFachada.svc/RecuperarFotoFachadaGet?ReferenciaCatastral=1456411YJ2715F,jpeg,NotOfficial,grossFloorArea,195,m2,37.500000000000000,896.812662759999967,33.630474853499997,4.627553339841600,63.546511238655199,142.067461653988545
125,ES.SDGC.BU.1456412YJ2715F,2020/12/18 00:00:00.000,functional,2006/01/01 00:00:00.000,2006/01/01 00:00:00.000, ,https://www1.sedecatastro.gob.es/CYCBienInmueble/OVCListaBienes.aspx?rc1=1456412&rc2=YJ2715F,1456412YJ2715F,1456412YJ2715F,ES.SDGC.BU,0.100000000000000,m,footPrint,1,1_residential,10,5, ,http://ovc.catastro.meh.es/OVCServWeb/OVCWcfLibres/OVCFotoFachada.svc/RecuperarFotoFachadaGet?ReferenciaCatastral=1456412YJ2715F,jpeg,NotOfficial,grossFloorArea,912,m2,37.500000000000000,943.070770263999975,35.365153884899996,4.866245174562239,64.728368004484963,147.979184769038881
126,ES.SDGC.BU.1456415YJ2715E,2020/12/18 00:00:00.000,functional,1918/01/01 00:00:00.000,1918/01/01 00:00:00.000, ,https://www1.sedecatastro.gob.es/CYCBienInmueble/OVCListaBienes.aspx?rc1=1456415&rc2=YJ2715E,1456415YJ2715E,1456415YJ2715E,ES.SDGC.BU,0.100000000000000,m,footPrint,1,1_residential,1,1, ,http://ovc.catastro.meh.es/OVCServWeb/OVCWcfLibres/OVCFotoFachada.svc/RecuperarFotoFachadaGet?ReferenciaCatastral=1456415YJ2715E,jpeg,NotOfficial,grossFloorArea,95,m2,12.500000000000000,1170.463806149999982,14.630797576875000,2.013197746578000,48.653194574643763,94.736500006843357
127,ES.SDGC.BU.1456416YJ2715E,2020/12/18 00:00:00.000,functional,2002/01/01 00:00:00.000,2002/01/01 00:00:00.000, ,https://www1.sedecatastro.gob.es/CYCBienInmueble/OVCListaBienes.aspx?rc1=1456416&rc2=YJ2715E,1456416YJ2715E,1456416YJ2715E,ES.SDGC.BU,0.100000000000000,m,footPrint,1,1_residential,1,1, ,http://ovc.catastro.meh.es/OVCServWeb/OVCWcfLibres/OVCFotoFachada.svc/RecuperarFotoFachadaGet?ReferenciaCatastral=1456416YJ2715E,jpeg,NotOfficial,grossFloorArea,234,m2,56.250000000000000,1085.459899899999982,61.057119369374995,8.401459625226000,52.473300804969327,116.907071277916145
128,ES.SDGC.BU.1456417YJ2715E,2020/12/18 00:00:00.000,functional,1962/01/01 00:00:00.000,1962/01/01 00:00:00.000, ,https://www1.sedecatastro.gob.es/CYCBienInmueble/OVCListaBienes.aspx?rc1=1456417&rc2=YJ2715E,1456417YJ2715E,1456417YJ2715E,ES.SDGC.BU,0.100000000000000,m,footPrint,1,1_residential,2,2, ,http://ovc.catastro.meh.es/OVCServWeb/OVCWcfLibres/OVCFotoFachada.svc/RecuperarFotoFachadaGet?ReferenciaCatastral=1456417YJ2715E,jpeg,NotOfficial,grossFloorArea,202,m2,106.250000000000000,1076.827044319999914,114.412873458999997,15.743211387958400,52.337568592596888,110.710875023243020
129,ES.SDGC.BU.1456419YJ2715E,2020/12/18 00:00:00.000,functional,1958/01/01 00:00:00.000,1958/01/01 00:00:00.000, ,https://www1.sedecatastro.gob.es/CYCBienInmueble/OVCListaBienes.aspx?rc1=1456419&rc2=YJ2715E,1456419YJ2715E,1456419YJ2715E,ES.SDGC.BU,0.100000000000000,m,footPrint,1,1_residential,2,2, ,http://ovc.catastro.meh.es/OVCServWeb/OVCWcfLibres/OVCFotoFachada.svc/RecuperarFotoFachadaGet?ReferenciaCatastral=1456419YJ2715E,jpeg,NotOfficial,grossFloorArea,179,m2,43.750000000000000,1061.792837960000043,46.453436660750008,6.391992884519201,39.909701070192988,89.927949990013616
130,ES.SDGC.BU.1458901YJ2715G,2020/12/18 00:00:00.000,functional,1948/01/01 00:00:00.000,1948/01/01 00:00:00.000, ,https://www1.sedecatastro.gob.es/CYCBienInmueble/OVCListaBienes.aspx?rc1=1458901&rc2=YJ2715G,1458901YJ2715G,1458901YJ2715G,ES.SDGC.BU,0.100000000000000,m,footPrint,1,1_residential,1,1, ,http://ovc.catastro.meh.es/OVCServWeb/OVCWcfLibres/OVCFotoFachada.svc/RecuperarFotoFachadaGet?ReferenciaCatastral=1458901YJ2715G,jpeg,NotOfficial,grossFloorArea,88,m2,43.750000000000000,996.826555525000003,43.611161804218746,6.000895864260499,37.874750898668765,87.750258950555988
131,ES.SDGC.BU.1458902YJ2715G,2020/12/18 00:00:00.000,functional,1948/01/01 00:00:00.000,1948/01/01 00:00:00.000, ,https://www1.sedecatastro.gob.es/CYCBienInmueble/OVCListaBienes.aspx?rc1=1458902&rc2=YJ2715G,1458902YJ2715G,1458902YJ2715G,ES.SDGC.BU,0.100000000000000,m,footPrint,1,1_residential,1,1, ,http://ovc.catastro.meh.es/OVCServWeb/OVCWcfLibres/OVCFotoFachada.svc/RecuperarFotoFachadaGet?ReferenciaCatastral=1458902YJ2715G,jpeg,NotOfficial,grossFloorArea,142,m2,118.750000000000000,1167.827945109999973,138.679568481812481,19.082308623097397,62.279800901286862,119.328888918229765
132,ES.SDGC.BU.1458903YJ2715G,2020/12/18 00:00:00.000,functional,1949/01/01 00:00:00.000,1949/01/01 00:00:00.000, ,https://www1.sedecatastro.gob.es/CYCBienInmueble/OVCListaBienes.aspx?rc1=1458903&rc2=YJ2715G,1458903YJ2715G,1458903YJ2715G,ES.SDGC.BU,0.100000000000000,m,footPrint,1,1_residential,1,1, ,http://ovc.catastro.meh.es/OVCServWeb/OVCWcfLibres/OVCFotoFachada.svc/RecuperarFotoFachadaGet?ReferenciaCatastral=1458903YJ2715G,jpeg,NotOfficial,grossFloorArea,181,m2,125.000000000000000,1177.193612669999993,147.149201583749999,20.247730137923998,58.148205235201495,129.597852872697615
133,ES.SDGC.BU.1458904YJ2715G,2020/12/18 00:00:00.000,functional,2007/01/01 00:00:00.000,2007/01/01 00:00:00.000, ,https://www1.sedecatastro.gob.es/CYCBienInmueble/OVCListaBienes.aspx?rc1=1458904&rc2=YJ2715G,1458904YJ2715G,1458904YJ2715G,ES.SDGC.BU,0.100000000000000,m,footPrint,1,1_residential,2,1, ,http://ovc.catastro.meh.es/OVCServWeb/OVCWcfLibres/OVCFotoFachada.svc/RecuperarFotoFachadaGet?ReferenciaCatastral=1458904YJ2715G,jpeg,NotOfficial,grossFloorArea,209,m2,68.750000000000000,977.251631302999954,67.186049652081252,9.244800432126379,59.749864577242889,111.107514948461926
134,ES.SDGC.BU.1458905YJ2715G,2020/12/18 00:00:00.000,functional,1930/01/01 00:00:00.000,1930/01/01 00:00:00.000, ,https://www1.sedecatastro.gob.es/CYCBienInmueble/OVCListaBienes.aspx?rc1=1458905&rc2=YJ2715G,1458905YJ2715G,1458905YJ2715G,ES.SDGC.BU,0.100000000000000,m,footPrint,1,1_residential,1,1, ,http://ovc.catastro.meh.es/OVCServWeb/OVCWcfLibres/OVCFotoFachada.svc/RecuperarFotoFachadaGet?ReferenciaCatastral=1458905YJ2715G,jpeg,NotOfficial,grossFloorArea,107,m2,25.000000000000000,958.750610351999967,23.968765258799998,3.298102099610880,60.682268865201031,107.023927410653044
135,ES.SDGC.BU.1458906YJ2715G,2020/12/18 00:00:00.000,functional,1971/01/01 00:00:00.000,1971/01/01 00:00:00.000, ,https://www1.sedecatastro.gob.es/CYCBienInmueble/OVCListaBienes.aspx?rc1=1458906&rc2=YJ2715G,1458906YJ2715G,1458906YJ2715G,ES.SDGC.BU,0.100000000000000,m,footPrint,1,1_residential,23,20, ,http://ovc.catastro.meh.es/OVCServWeb/OVCWcfLibres/OVCFotoFachada.svc/RecuperarFotoFachadaGet?ReferenciaCatastral=1458906YJ2715G,jpeg,NotOfficial,grossFloorArea,2090,m2,281.250000000000000,1145.289039439999897,322.112542342499921,44.322685826327991,90.984296582593728,449.113806422577397
136,ES.SDGC.BU.1458907YJ2715G,2020/12/18 00:00:00.000,functional,1953/01/01 00:00:00.000,1953/01/01 00:00:00.000, ,https://www1.sedecatastro.gob.es/CYCBienInmueble/OVCListaBienes.aspx?rc1=1458907&rc2=YJ2715G,1458907YJ2715G,1458907YJ2715G,ES.SDGC.BU,0.100000000000000,m,footPrint,1,1_residential,1,1, ,http://ovc.catastro.meh.es/OVCServWeb/OVCWcfLibres/OVCFotoFachada.svc/RecuperarFotoFachadaGet?ReferenciaCatastral=1458907YJ2715G,jpeg,NotOfficial,grossFloorArea,135,m2,56.250000000000000,1149.171447749999970,64.640893935937498,8.894587005585000,68.941195992655651,135.331083754409036
137,ES.SDGC.BU.1458908YJ2715G,2020/12/18 00:00:00.000,functional,1952/01/01 00:00:00.000,1952/01/01 00:00:00.000, ,https://www1.sedecatastro.gob.es/CYCBienInmueble/OVCListaBienes.aspx?rc1=1458908&rc2=YJ2715G,1458908YJ2715G,1458908YJ2715G,ES.SDGC.BU,0.100000000000000,m,footPrint,1,1_residential,1,1, ,http://ovc.catastro.meh.es/OVCServWeb/OVCWcfLibres/OVCFotoFachada.svc/RecuperarFotoFachadaGet?ReferenciaCatastral=1458908YJ2715G,jpeg,NotOfficial,grossFloorArea,158,m2,56.250000000000000,1145.028211809999902,64.407836914312497,8.862518359409400,68.487807249970984,129.750897851369785
138,ES.SDGC.BU.1458909YJ2715G,2020/12/18 00:00:00.000,functional,1954/01/01 00:00:00.000,1982/01/01 00:00:00.000, ,https://www1.sedecatastro.gob.es/CYCBienInmueble/OVCListaBienes.aspx?rc1=1458909&rc2=YJ2715G,1458909YJ2715G,1458909YJ2715G,ES.SDGC.BU,0.100000000000000,m,footPrint,1,1_residential,2,2, ,http://ovc.catastro.meh.es/OVCServWeb/OVCWcfLibres/OVCFotoFachada.svc/RecuperarFotoFachadaGet?ReferenciaCatastral=1458909YJ2715G,jpeg,NotOfficial,grossFloorArea,401,m2,81.250000000000000,1088.294194150000067,88.423903274687504,12.167129090597001,96.248875742657447,205.797976907515761
139,ES.SDGC.BU.1458910YJ2715G,2020/12/18 00:00:00.000,functional,1995/01/01 00:00:00.000,2000/01/01 00:00:00.000, ,https://www1.sedecatastro.gob.es/CYCBienInmueble/OVCListaBienes.aspx?rc1=1458910&rc2=YJ2715G,1458910YJ2715G,1458910YJ2715G,ES.SDGC.BU,0.100000000000000,m,footPrint,1,4_2_retail,2,0, ,http://ovc.catastro.meh.es/OVCServWeb/OVCWcfLibres/OVCFotoFachada.svc/RecuperarFotoFachadaGet?ReferenciaCatastral=1458910YJ2715G,jpeg,NotOfficial,grossFloorArea,218,m2,75.000000000000000,1113.656382240000084,83.524228668000006,11.492933864716802,66.146627901761363,125.630729561692164
140,ES.SDGC.BU.1458911YJ2715G,2020/12/18 00:00:00.000,functional,1995/01/01 00:00:00.000,2000/01/01 00:00:00.000, ,https://www1.sedecatastro.gob.es/CYCBienInmueble/OVCListaBienes.aspx?rc1=1458911&rc2=YJ2715G,1458911YJ2715G,1458911YJ2715G,ES.SDGC.BU,0.100000000000000,m,footPrint,1,1_residential,1,1, ,http://ovc.catastro.meh.es/OVCServWeb/OVCWcfLibres/OVCFotoFachada.svc/RecuperarFotoFachadaGet?ReferenciaCatastral=1458911YJ2715G,jpeg,NotOfficial,grossFloorArea,203,m2,75.000000000000000,1188.064163210000061,89.104812240750007,12.260822164327202,70.386811506979413,123.500837685682171
141,ES.SDGC.BU.1458912YJ2715G,2020/12/18 00:00:00.000,functional,1958/01/01 00:00:00.000,2000/01/01 00:00:00.000, ,https://www1.sedecatastro.gob.es/CYCBienInmueble/OVCListaBienes.aspx?rc1=1458912&rc2=YJ2715G,1458912YJ2715G,1458912YJ2715G,ES.SDGC.BU,0.100000000000000,m,footPrint,1,1_residential,1,1, ,http://ovc.catastro.meh.es/OVCServWeb/OVCWcfLibres/OVCFotoFachada.svc/RecuperarFotoFachadaGet?ReferenciaCatastral=1458912YJ2715G,jpeg,NotOfficial,grossFloorArea,245,m2,100.000000000000000,1209.201454159999912,120.920145415999983,16.638612009241598,68.171867219631167,144.867497139553450
142,ES.SDGC.BU.1458913YJ2715G,2020/12/18 00:00:00.000,functional,1942/01/01 00:00:00.000,1942/01/01 00:00:00.000, ,https://www1.sedecatastro.gob.es/CYCBienInmueble/OVCListaBienes.aspx?rc1=1458913&rc2=YJ2715G,1458913YJ2715G,1458913YJ2715G,ES.SDGC.BU,0.100000000000000,m,footPrint,1,1_residential,1,1, ,http://ovc.catastro.meh.es/OVCServWeb/OVCWcfLibres/OVCFotoFachada.svc/RecuperarFotoFachadaGet?ReferenciaCatastral=1458913YJ2715G,jpeg,NotOfficial,grossFloorArea,139,m2,87.500000000000000,1188.344805039999983,103.980170440999999,14.307671452681602,70.573408002396832,139.141751993649763
143,ES.SDGC.BU.1458914YJ2715G,2020/12/18 00:00:00.000,functional,1940/01/01 00:00:00.000,2000/01/01 00:00:00.000, ,https://www1.sedecatastro.gob.es/CYCBienInmueble/OVCListaBienes.aspx?rc1=1458914&rc2=YJ2715G,1458914YJ2715G,1458914YJ2715G,ES.SDGC.BU,0.100000000000000,m,footPrint,1,1_residential,1,1, ,http://ovc.catastro.meh.es/OVCServWeb/OVCWcfLibres/OVCFotoFachada.svc/RecuperarFotoFachadaGet?ReferenciaCatastral=1458914YJ2715G,jpeg,NotOfficial,grossFloorArea,138,m2,87.500000000000000,1177.592049730000099,103.039304351375009,14.178208278749201,62.667960315887946,128.153859683306621
144,ES.SDGC.BU.1458915YJ2715G,2020/12/18 00:00:00.000,functional,1942/01/01 00:00:00.000,1942/01/01 00:00:00.000, ,https://www1.sedecatastro.gob.es/CYCBienInmueble/OVCListaBienes.aspx?rc1=1458915&rc2=YJ2715G,1458915YJ2715G,1458915YJ2715G,ES.SDGC.BU,0.100000000000000,m,footPrint,1,1_residential,1,1, ,http://ovc.catastro.meh.es/OVCServWeb/OVCWcfLibres/OVCFotoFachada.svc/RecuperarFotoFachadaGet?ReferenciaCatastral=1458915YJ2715G,jpeg,NotOfficial,grossFloorArea,150,m2,112.500000000000000,1118.398217100000011,125.819799423749998,17.312804400708000,69.226169180061405,149.388329249648791
145,ES.SDGC.BU.1458916YJ2715G,2020/12/18 00:00:00.000,functional,1956/01/01 00:00:00.000,2006/01/01 00:00:00.000, ,https://www1.sedecatastro.gob.es/CYCBienInmueble/OVCListaBienes.aspx?rc1=1458916&rc2=YJ2715G,1458916YJ2715G,1458916YJ2715G,ES.SDGC.BU,0.100000000000000,m,footPrint,1,1_residential,1,1, ,http://ovc.catastro.meh.es/OVCServWeb/OVCWcfLibres/OVCFotoFachada.svc/RecuperarFotoFachadaGet?ReferenciaCatastral=1458916YJ2715G,jpeg,NotOfficial,grossFloorArea,147,m2,125.000000000000000,1087.297842409999930,135.912230301249991,18.701522889451997,70.598856962908400,146.309841382425475
146,ES.SDGC.BU.1458917YJ2715G,2020/12/18 00:00:00.000,functional,1947/01/01 00:00:00.000,2000/01/01 00:00:00.000, ,https://www1.sedecatastro.gob.es/CYCBienInmueble/OVCListaBienes.aspx?rc1=1458917&rc2=YJ2715G,1458917YJ2715G,1458917YJ2715G,ES.SDGC.BU,0.100000000000000,m,footPrint,1,1_residential,1,1, ,http://ovc.catastro.meh.es/OVCServWeb/OVCWcfLibres/OVCFotoFachada.svc/RecuperarFotoFachadaGet?ReferenciaCatastral=1458917YJ2715G,jpeg,NotOfficial,grossFloorArea,163,m2,50.000000000000000,1090.119575500000110,54.505978775000003,7.500022679440001,53.924002748432265,90.405759090875421
147,ES.SDGC.BU.1458918YJ2715G,2020/12/18 00:00:00.000,functional,1946/01/01 00:00:00.000,1946/01/01 00:00:00.000, ,https://www1.sedecatastro.gob.es/CYCBienInmueble/OVCListaBienes.aspx?rc1=1458918&rc2=YJ2715G,1458918YJ2715G,1458918YJ2715G,ES.SDGC.BU,0.100000000000000,m,footPrint,1,1_residential,1,1, ,http://ovc.catastro.meh.es/OVCServWeb/OVCWcfLibres/OVCFotoFachada.svc/RecuperarFotoFachadaGet?ReferenciaCatastral=1458918YJ2715G,jpeg,NotOfficial,grossFloorArea,72,m2,68.750000000000000,1092.679482199999939,75.121714401249989,10.336747901611998,42.618773396214216,71.831982144398225
148,ES.SDGC.BU.1458919YJ2715G,2020/12/18 00:00:00.000,functional,1940/01/01 00:00:00.000,1940/01/01 00:00:00.000, ,https://www1.sedecatastro.gob.es/CYCBienInmueble/OVCListaBienes.aspx?rc1=1458919&rc2=YJ2715G,1458919YJ2715G,1458919YJ2715G,ES.SDGC.BU,0.100000000000000,m,footPrint,1,1_residential,1,1, ,http://ovc.catastro.meh.es/OVCServWeb/OVCWcfLibres/OVCFotoFachada.svc/RecuperarFotoFachadaGet?ReferenciaCatastral=1458919YJ2715G,jpeg,NotOfficial,grossFloorArea,176,m2,93.750000000000000,1085.522912599999927,101.767773056249993,14.003245572539999,46.048293787049005,117.998845766633394
149,ES.SDGC.BU.1458921YJ2715G,2020/12/18 00:00:00.000,functional,1944/01/01 00:00:00.000,1944/01/01 00:00:00.000, ,https://www1.sedecatastro.gob.es/CYCBienInmueble/OVCListaBienes.aspx?rc1=1458921&rc2=YJ2715G,1458921YJ2715G,1458921YJ2715G,ES.SDGC.BU,0.100000000000000,m,footPrint,1,1_residential,1,1, ,http://ovc.catastro.meh.es/OVCServWeb/OVCWcfLibres/OVCFotoFachada.svc/RecuperarFotoFachadaGet?ReferenciaCatastral=1458921YJ2715G,jpeg,NotOfficial,grossFloorArea,138,m2,43.750000000000000,1051.995840889999954,46.024818038937497,6.333014962157800,37.438807109515388,72.379022511029873
150,ES.SDGC.BU.1458922YJ2715G,2020/12/18 00:00:00.000,functional,1940/01/01 00:00:00.000,1940/01/01 00:00:00.000, ,https://www1.sedecatastro.gob.es/CYCBienInmueble/OVCListaBienes.aspx?rc1=1458922&rc2=YJ2715G,1458922YJ2715G,1458922YJ2715G,ES.SDGC.BU,0.100000000000000,m,footPrint,1,1_residential,1,1, ,http://ovc.catastro.meh.es/OVCServWeb/OVCWcfLibres/OVCFotoFachada.svc/RecuperarFotoFachadaGet?ReferenciaCatastral=1458922YJ2715G,jpeg,NotOfficial,grossFloorArea,70,m2,18.750000000000000,1224.547648109999955,22.960268402062500,3.159332932123800,36.522198813004081,70.306193081722924
151,ES.SDGC.BU.1458924YJ2715G,2020/12/18 00:00:00.000,functional,1948/01/01 00:00:00.000,2004/01/01 00:00:00.000, ,https://www1.sedecatastro.gob.es/CYCBienInmueble/OVCListaBienes.aspx?rc1=1458924&rc2=YJ2715G,1458924YJ2715G,1458924YJ2715G,ES.SDGC.BU,0.100000000000000,m,footPrint,1,1_residential,1,1, ,http://ovc.catastro.meh.es/OVCServWeb/OVCWcfLibres/OVCFotoFachada.svc/RecuperarFotoFachadaGet?ReferenciaCatastral=1458924YJ2715G,jpeg,NotOfficial,grossFloorArea,164,m2,87.500000000000000,1139.966779439999982,99.747093200999998,13.725200024457600,47.359344585694465,140.113696156948890
152,ES.SDGC.BU.1458926YJ2715G,2020/12/18 00:00:00.000,declined,1935/01/01 00:00:00.000,1935/01/01 00:00:00.000, ,https://www1.sedecatastro.gob.es/CYCBienInmueble/OVCListaBienes.aspx?rc1=1458926&rc2=YJ2715G,1458926YJ2715G,1458926YJ2715G,ES.SDGC.BU,0.100000000000000,m,footPrint,1,1_residential,1,1, ,http://ovc.catastro.meh.es/OVCServWeb/OVCWcfLibres/OVCFotoFachada.svc/RecuperarFotoFachadaGet?ReferenciaCatastral=1458926YJ2715G,jpeg,NotOfficial,grossFloorArea,89,m2,43.750000000000000,1170.250139510000054,51.198443603562502,7.044905839850201,52.336788554409793,88.149419951625148
153,ES.SDGC.BU.1459401YJ2715G,2020/12/18 00:00:00.000,functional,1960/01/01 00:00:00.000,1960/01/01 00:00:00.000, ,https://www1.sedecatastro.gob.es/CYCBienInmueble/OVCListaBienes.aspx?rc1=1459401&rc2=YJ2715G,1459401YJ2715G,1459401YJ2715G,ES.SDGC.BU,0.100000000000000,m,footPrint,1,1_residential,1,1, ,http://ovc.catastro.meh.es/OVCServWeb/OVCWcfLibres/OVCFotoFachada.svc/RecuperarFotoFachadaGet?ReferenciaCatastral=1459401YJ2715G,jpeg,NotOfficial,grossFloorArea,146,m2,81.250000000000000,1069.160118689999990,86.869259643562501,11.953210126954200,68.411878270444078,145.533482496271290
154,ES.SDGC.BU.1459402YJ2715G,2020/12/18 00:00:00.000,functional,1952/01/01 00:00:00.000,2008/01/01 00:00:00.000, ,https://www1.sedecatastro.gob.es/CYCBienInmueble/OVCListaBienes.aspx?rc1=1459402&rc2=YJ2715G,1459402YJ2715G,1459402YJ2715G,ES.SDGC.BU,0.100000000000000,m,footPrint,1,1_residential,1,1, ,http://ovc.catastro.meh.es/OVCServWeb/OVCWcfLibres/OVCFotoFachada.svc/RecuperarFotoFachadaGet?ReferenciaCatastral=1459402YJ2715G,jpeg,NotOfficial,grossFloorArea,273,m2,93.750000000000000,1225.038500979999981,114.847359466875005,15.802996662642002,47.632154490801923,132.847928748772205
155,ES.SDGC.BU.1459403YJ2715G,2020/12/18 00:00:00.000,functional,1944/01/01 00:00:00.000,1944/01/01 00:00:00.000, ,https://www1.sedecatastro.gob.es/CYCBienInmueble/OVCListaBienes.aspx?rc1=1459403&rc2=YJ2715G,1459403YJ2715G,1459403YJ2715G,ES.SDGC.BU,0.100000000000000,m,footPrint,1,1_residential,1,1, ,http://ovc.catastro.meh.es/OVCServWeb/OVCWcfLibres/OVCFotoFachada.svc/RecuperarFotoFachadaGet?ReferenciaCatastral=1459403YJ2715G,jpeg,NotOfficial,grossFloorArea,97,m2,50.000000000000000,1161.657150270000102,58.082857513500009,7.992201193857601,53.713241777844999,97.614190994779875
156,ES.SDGC.BU.1459404YJ2715G,2020/12/18 00:00:00.000,functional,1961/01/01 00:00:00.000,1961/01/01 00:00:00.000, ,https://www1.sedecatastro.gob.es/CYCBienInmueble/OVCListaBienes.aspx?rc1=1459404&rc2=YJ2715G,1459404YJ2715G,1459404YJ2715G,ES.SDGC.BU,0.100000000000000,m,footPrint,1,1_residential,1,1, ,http://ovc.catastro.meh.es/OVCServWeb/OVCWcfLibres/OVCFotoFachada.svc/RecuperarFotoFachadaGet?ReferenciaCatastral=1459404YJ2715G,jpeg,NotOfficial,grossFloorArea,110,m2,43.750000000000000,1052.771100729999944,46.058735656937500,6.337682026394599,54.836135351165687,110.495176499740367
157,ES.SDGC.BU.1459405YJ2715G,2020/12/18 00:00:00.000,functional,1945/01/01 00:00:00.000,1945/01/01 00:00:00.000, ,https://www1.sedecatastro.gob.es/CYCBienInmueble/OVCListaBienes.aspx?rc1=1459405&rc2=YJ2715G,1459405YJ2715G,1459405YJ2715G,ES.SDGC.BU,0.100000000000000,m,footPrint,1,1_residential,1,1, ,http://ovc.catastro.meh.es/OVCServWeb/OVCWcfLibres/OVCFotoFachada.svc/RecuperarFotoFachadaGet?ReferenciaCatastral=1459405YJ2715G,jpeg,NotOfficial,grossFloorArea,302,m2,193.750000000000000,1147.329495339999994,222.295089722124999,30.587804345764400,137.332608736505676,300.445963999040544
158,ES.SDGC.BU.1459406YJ2715G,2020/12/18 00:00:00.000,functional,1930/01/01 00:00:00.000,1930/01/01 00:00:00.000, ,https://www1.sedecatastro.gob.es/CYCBienInmueble/OVCListaBienes.aspx?rc1=1459406&rc2=YJ2715G,1459406YJ2715G,1459406YJ2715G,ES.SDGC.BU,0.100000000000000,m,footPrint,1,1_residential,1,1, ,http://ovc.catastro.meh.es/OVCServWeb/OVCWcfLibres/OVCFotoFachada.svc/RecuperarFotoFachadaGet?ReferenciaCatastral=1459406YJ2715G,jpeg,NotOfficial,grossFloorArea,166,m2,87.500000000000000,1075.373988560000043,94.095223999000012,12.947502822262400,61.148185698182992,150.807376497242757
159,ES.SDGC.BU.1459407YJ2715G,2020/12/18 00:00:00.000,functional,1948/01/01 00:00:00.000,1948/01/01 00:00:00.000, ,https://www1.sedecatastro.gob.es/CYCBienInmueble/OVCListaBienes.aspx?rc1=1459407&rc2=YJ2715G,1459407YJ2715G,1459407YJ2715G,ES.SDGC.BU,0.100000000000000,m,footPrint,1,1_residential,1,0, ,http://ovc.catastro.meh.es/OVCServWeb/OVCWcfLibres/OVCFotoFachada.svc/RecuperarFotoFachadaGet?ReferenciaCatastral=1459407YJ2715G,jpeg,NotOfficial,grossFloorArea,233,m2,168.750000000000000,1139.534597889999986,192.296463393937501,26.459993363005800,97.511490131913490,229.103892215035330
160,ES.SDGC.BU.1459408YJ2715G,2020/12/18 00:00:00.000,functional,1989/01/01 00:00:00.000,1989/01/01 00:00:00.000, ,https://www1.sedecatastro.gob.es/CYCBienInmueble/OVCListaBienes.aspx?rc1=1459408&rc2=YJ2715G,1459408YJ2715G,1459408YJ2715G,ES.SDGC.BU,0.100000000000000,m,footPrint,1,1_residential,1,1, ,http://ovc.catastro.meh.es/OVCServWeb/OVCWcfLibres/OVCFotoFachada.svc/RecuperarFotoFachadaGet?ReferenciaCatastral=1459408YJ2715G,jpeg,NotOfficial,grossFloorArea,262,m2,125.000000000000000,1078.036676030000081,134.754584503750010,18.542230827716001,65.238553675768046,139.039245934229797
161,ES.SDGC.BU.1459409YJ2715G,2020/12/18 00:00:00.000,functional,1980/01/01 00:00:00.000,2000/01/01 00:00:00.000, ,https://www1.sedecatastro.gob.es/CYCBienInmueble/OVCListaBienes.aspx?rc1=1459409&rc2=YJ2715G,1459409YJ2715G,1459409YJ2715G,ES.SDGC.BU,0.100000000000000,m,footPrint,1,4_2_retail,1,0, ,http://ovc.catastro.meh.es/OVCServWeb/OVCWcfLibres/OVCFotoFachada.svc/RecuperarFotoFachadaGet?ReferenciaCatastral=1459409YJ2715G,jpeg,NotOfficial,grossFloorArea,551,m2,425.000000000000000,1143.807805680000001,486.118317413999989,66.889880476166397,116.333641007314952,544.136292312872797
162,ES.SDGC.BU.1459411YJ2715G,2020/12/18 00:00:00.000,functional,1980/01/01 00:00:00.000,1980/01/01 00:00:00.000, ,https://www1.sedecatastro.gob.es/CYCBienInmueble/OVCListaBienes.aspx?rc1=1459411&rc2=YJ2715G,1459411YJ2715G,1459411YJ2715G,ES.SDGC.BU,0.100000000000000,m,footPrint,1,1_residential,1,0, ,http://ovc.catastro.meh.es/OVCServWeb/OVCWcfLibres/OVCFotoFachada.svc/RecuperarFotoFachadaGet?ReferenciaCatastral=1459411YJ2715G,jpeg,NotOfficial,grossFloorArea,124,m2,75.000000000000000,1126.650060019999955,84.498754501499988,11.627028619406399,63.192854441998222,124.067702975196738
163,ES.SDGC.BU.1459702YJ2715G,2020/12/18 00:00:00.000,functional,1946/01/01 00:00:00.000,1946/01/01 00:00:00.000, ,https://www1.sedecatastro.gob.es/CYCBienInmueble/OVCListaBienes.aspx?rc1=1459702&rc2=YJ2715G,1459702YJ2715G,1459702YJ2715G,ES.SDGC.BU,0.100000000000000,m,footPrint,1,1_residential,1,1, ,http://ovc.catastro.meh.es/OVCServWeb/OVCWcfLibres/OVCFotoFachada.svc/RecuperarFotoFachadaGet?ReferenciaCatastral=1459702YJ2715G,jpeg,NotOfficial,grossFloorArea,121,m2,56.250000000000000,1187.987955730000067,66.824322509812504,9.195026777350201,69.201032142907437,121.780066504500326
164,ES.SDGC.BU.1459703YJ2715G,2020/12/18 00:00:00.000,functional,1946/01/01 00:00:00.000,1946/01/01 00:00:00.000, ,https://www1.sedecatastro.gob.es/CYCBienInmueble/OVCListaBienes.aspx?rc1=1459703&rc2=YJ2715G,1459703YJ2715G,1459703YJ2715G,ES.SDGC.BU,0.100000000000000,m,footPrint,1,1_residential,1,1, ,http://ovc.catastro.meh.es/OVCServWeb/OVCWcfLibres/OVCFotoFachada.svc/RecuperarFotoFachadaGet?ReferenciaCatastral=1459703YJ2715G,jpeg,NotOfficial,grossFloorArea,110,m2,68.750000000000000,1213.463234640000110,83.425597381499998,11.479362199694400,50.699200440119959,110.343180013649430
165,ES.SDGC.BU.1459704YJ2715G,2020/12/18 00:00:00.000,functional,1944/01/01 00:00:00.000,1944/01/01 00:00:00.000, ,https://www1.sedecatastro.gob.es/CYCBienInmueble/OVCListaBienes.aspx?rc1=1459704&rc2=YJ2715G,1459704YJ2715G,1459704YJ2715G,ES.SDGC.BU,0.100000000000000,m,footPrint,1,1_residential,1,1, ,http://ovc.catastro.meh.es/OVCServWeb/OVCWcfLibres/OVCFotoFachada.svc/RecuperarFotoFachadaGet?ReferenciaCatastral=1459704YJ2715G,jpeg,NotOfficial,grossFloorArea,226,m2,81.250000000000000,1128.809288610000067,91.715754699562495,12.620087846659800,104.004620743602558,215.283244987304528
166,ES.SDGC.BU.1459705YJ2715G,2020/12/18 00:00:00.000,functional,1965/01/01 00:00:00.000,1965/01/01 00:00:00.000, ,https://www1.sedecatastro.gob.es/CYCBienInmueble/OVCListaBienes.aspx?rc1=1459705&rc2=YJ2715G,1459705YJ2715G,1459705YJ2715G,ES.SDGC.BU,0.100000000000000,m,footPrint,1,3_industrial,1,0, ,http://ovc.catastro.meh.es/OVCServWeb/OVCWcfLibres/OVCFotoFachada.svc/RecuperarFotoFachadaGet?ReferenciaCatastral=1459705YJ2715G,jpeg,NotOfficial,grossFloorArea,229,m2,150.000000000000000,1115.997787479999943,167.399668122000008,23.034194333587202,80.035502470070185,229.372157043467894
167,ES.SDGC.BU.1459706YJ2715G,2020/12/18 00:00:00.000,functional,1942/01/01 00:00:00.000,1942/01/01 00:00:00.000, ,https://www1.sedecatastro.gob.es/CYCBienInmueble/OVCListaBienes.aspx?rc1=1459706&rc2=YJ2715G,1459706YJ2715G,1459706YJ2715G,ES.SDGC.BU,0.100000000000000,m,footPrint,1,3_industrial,1,0, ,http://ovc.catastro.meh.es/OVCServWeb/OVCWcfLibres/OVCFotoFachada.svc/RecuperarFotoFachadaGet?ReferenciaCatastral=1459706YJ2715G,jpeg,NotOfficial,grossFloorArea,142,m2,62.500000000000000,1032.347680659999924,64.521730041249995,8.878190053675999,71.356344685605535,111.344896995386875
168,ES.SDGC.BU.1459707YJ2715G,2020/12/18 00:00:00.000,functional,1949/01/01 00:00:00.000,1949/01/01 00:00:00.000, ,https://www1.sedecatastro.gob.es/CYCBienInmueble/OVCListaBienes.aspx?rc1=1459707&rc2=YJ2715G,1459707YJ2715G,1459707YJ2715G,ES.SDGC.BU,0.100000000000000,m,footPrint,1,1_residential,1,1, ,http://ovc.catastro.meh.es/OVCServWeb/OVCWcfLibres/OVCFotoFachada.svc/RecuperarFotoFachadaGet?ReferenciaCatastral=1459707YJ2715G,jpeg,NotOfficial,grossFloorArea,163,m2,81.250000000000000,1077.318335899999965,87.532114791874989,12.044418995361999,95.401865518266149,164.206542032172422
169,ES.SDGC.BU.1459709YJ2715G,2020/12/18 00:00:00.000,functional,1980/01/01 00:00:00.000,2009/01/01 00:00:00.000, ,https://www1.sedecatastro.gob.es/CYCBienInmueble/OVCListaBienes.aspx?rc1=1459709&rc2=YJ2715G,1459709YJ2715G,1459709YJ2715G,ES.SDGC.BU,0.100000000000000,m,footPrint,1,1_residential,1,1, ,http://ovc.catastro.meh.es/OVCServWeb/OVCWcfLibres/OVCFotoFachada.svc/RecuperarFotoFachadaGet?ReferenciaCatastral=1459709YJ2715G,jpeg,NotOfficial,grossFloorArea,374,m2,112.500000000000000,1138.130323619999899,128.039661407249980,17.618257409637597,50.147493738275990,150.224275433007108
170,ES.SDGC.BU.1459710YJ2715G,2020/12/18 00:00:00.000,functional,1998/01/01 00:00:00.000,1998/01/01 00:00:00.000, ,https://www1.sedecatastro.gob.es/CYCBienInmueble/OVCListaBienes.aspx?rc1=1459710&rc2=YJ2715G,1459710YJ2715G,1459710YJ2715G,ES.SDGC.BU,0.100000000000000,m,footPrint,1,1_residential,1,1, ,http://ovc.catastro.meh.es/OVCServWeb/OVCWcfLibres/OVCFotoFachada.svc/RecuperarFotoFachadaGet?ReferenciaCatastral=1459710YJ2715G,jpeg,NotOfficial,grossFloorArea,226,m2,50.000000000000000,1046.961662290000049,52.348083114500007,7.203096236555202,42.981890019411885,109.360927020360592
171,ES.SDGC.BU.1459711YJ2715G,2020/12/18 00:00:00.000,functional,1967/01/01 00:00:00.000,1967/01/01 00:00:00.000, ,https://www1.sedecatastro.gob.es/CYCBienInmueble/OVCListaBienes.aspx?rc1=1459711&rc2=YJ2715G,1459711YJ2715G,1459711YJ2715G,ES.SDGC.BU,0.100000000000000,m,footPrint,1,3_industrial,2,1, ,http://ovc.catastro.meh.es/OVCServWeb/OVCWcfLibres/OVCFotoFachada.svc/RecuperarFotoFachadaGet?ReferenciaCatastral=1459711YJ2715G,jpeg,NotOfficial,grossFloorArea,141,m2,12.500000000000000,1073.625549319999891,13.420319366499998,1.846635944830400,37.325569078741040,84.163810988417154
172,ES.SDGC.BU.1459712YJ2715G,2020/12/18 00:00:00.000,functional,2010/01/01 00:00:00.000,2010/01/01 00:00:00.000, ,https://www1.sedecatastro.gob.es/CYCBienInmueble/OVCListaBienes.aspx?rc1=1459712&rc2=YJ2715G,1459712YJ2715G,1459712YJ2715G,ES.SDGC.BU,0.100000000000000,m,footPrint,1,1_residential,1,1, ,http://ovc.catastro.meh.es/OVCServWeb/OVCWcfLibres/OVCFotoFachada.svc/RecuperarFotoFachadaGet?ReferenciaCatastral=1459712YJ2715G,jpeg,NotOfficial,grossFloorArea,406,m2,81.250000000000000,1100.861004169999887,89.444956588812488,12.307626026620598,61.056466124606260,167.538490292449552
173,ES.SDGC.BU.1459713YJ2715G,2020/12/18 00:00:00.000,functional,2002/01/01 00:00:00.000,2002/01/01 00:00:00.000, ,https://www1.sedecatastro.gob.es/CYCBienInmueble/OVCListaBienes.aspx?rc1=1459713&rc2=YJ2715G,1459713YJ2715G,1459713YJ2715G,ES.SDGC.BU,0.100000000000000,m,footPrint,1,1_residential,1,1, ,http://ovc.catastro.meh.es/OVCServWeb/OVCWcfLibres/OVCFotoFachada.svc/RecuperarFotoFachadaGet?ReferenciaCatastral=1459713YJ2715G,jpeg,NotOfficial,grossFloorArea,997,m2,106.250000000000000,1061.914263560000109,112.828390503250006,15.525186533247199,68.403463603072709,261.918338609638965
174,ES.SDGC.BU.1459717YJ2715G,2020/12/18 00:00:00.000,declined,1925/01/01 00:00:00.000,1925/01/01 00:00:00.000, ,https://www1.sedecatastro.gob.es/CYCBienInmueble/OVCListaBienes.aspx?rc1=1459717&rc2=YJ2715G,1459717YJ2715G,1459717YJ2715G,ES.SDGC.BU,0.100000000000000,m,footPrint,1,3_industrial,1,0, ,http://ovc.catastro.meh.es/OVCServWeb/OVCWcfLibres/OVCFotoFachada.svc/RecuperarFotoFachadaGet?ReferenciaCatastral=1459717YJ2715G,jpeg,NotOfficial,grossFloorArea,66,m2,25.000000000000000,1189.000732420000077,29.725018310500005,4.090162519524801,34.234733159265190,47.964817568489373
175,ES.SDGC.BU.1459718YJ2715G,2020/12/18 00:00:00.000,functional,1980/01/01 00:00:00.000,1980/01/01 00:00:00.000, ,https://www1.sedecatastro.gob.es/CYCBienInmueble/OVCListaBienes.aspx?rc1=1459718&rc2=YJ2715G,1459718YJ2715G,1459718YJ2715G,ES.SDGC.BU,0.100000000000000,m,footPrint,1,3_industrial,1,0, ,http://ovc.catastro.meh.es/OVCServWeb/OVCWcfLibres/OVCFotoFachada.svc/RecuperarFotoFachadaGet?ReferenciaCatastral=1459718YJ2715G,jpeg,NotOfficial,grossFloorArea,77,m2,25.000000000000000,1160.763153079999938,29.019078826999998,3.993025246595200,50.817734309915792,76.808880987288759
176,ES.SDGC.BU.1459719YJ2715G,2020/12/18 00:00:00.000,functional,1980/01/01 00:00:00.000,1980/01/01 00:00:00.000, ,https://www1.sedecatastro.gob.es/CYCBienInmueble/OVCListaBienes.aspx?rc1=1459719&rc2=YJ2715G,1459719YJ2715G,1459719YJ2715G,ES.SDGC.BU,0.100000000000000,m,footPrint,1,4_2_retail,1,0, ,http://ovc.catastro.meh.es/OVCServWeb/OVCWcfLibres/OVCFotoFachada.svc/RecuperarFotoFachadaGet?ReferenciaCatastral=1459719YJ2715G,jpeg,NotOfficial,grossFloorArea,129,m2,81.250000000000000,1190.611370379999926,96.737173843375004,13.311035120848400,44.024314032925695,106.273085510471503
177,ES.SDGC.BU.1459901YJ2715G,2020/12/18 00:00:00.000,functional,1985/01/01 00:00:00.000,1985/01/01 00:00:00.000, ,https://www1.sedecatastro.gob.es/CYCBienInmueble/OVCListaBienes.aspx?rc1=1459901&rc2=YJ2715G,1459901YJ2715G,1459901YJ2715G,ES.SDGC.BU,0.100000000000000,m,footPrint,1,4_2_retail,1,0, ,http://ovc.catastro.meh.es/OVCServWeb/OVCWcfLibres/OVCFotoFachada.svc/RecuperarFotoFachadaGet?ReferenciaCatastral=1459901YJ2715G,jpeg,NotOfficial,grossFloorArea,13138,m2,537.500000000000000,1080.932903200000055,581.001435470000047,79.945797520672002,146.709997624979650,1266.570853586656767
178,ES.SDGC.BU.1459902YJ2716A,2020/12/18 00:00:00.000,functional,1993/01/01 00:00:00.000,1993/01/01 00:00:00.000, ,https://www1.sedecatastro.gob.es/CYCBienInmueble/OVCListaBienes.aspx?rc1=1459902&rc2=YJ2716A,1459902YJ2716A,1459902YJ2716A,ES.SDGC.BU,0.100000000000000,m,footPrint,1,1_residential,1,0, ,http://ovc.catastro.meh.es/OVCServWeb/OVCWcfLibres/OVCFotoFachada.svc/RecuperarFotoFachadaGet?ReferenciaCatastral=1459902YJ2716A,jpeg,NotOfficial,grossFloorArea,3787,m2,12.500000000000000,1147.189270020000095,14.339865875250002,1.973165544434400,61.723861950716213,64.838132494075467
179,ES.SDGC.BU.1459903YJ2716A,2020/12/18 00:00:00.000,functional,1995/01/01 00:00:00.000,1995/01/01 00:00:00.000, ,https://www1.sedecatastro.gob.es/CYCBienInmueble/OVCListaBienes.aspx?rc1=1459903&rc2=YJ2716A,1459903YJ2716A,1459903YJ2716A,ES.SDGC.BU,0.100000000000000,m,footPrint,1,1_residential,104,100, ,http://ovc.catastro.meh.es/OVCServWeb/OVCWcfLibres/OVCFotoFachada.svc/RecuperarFotoFachadaGet?ReferenciaCatastral=1459903YJ2716A,jpeg,NotOfficial,grossFloorArea,12739,m2,656.250000000000000,1073.493786040000032,704.480297088750035,96.936488879412011,169.076190215280860,1308.073723608577666
180,ES.SDGC.BU.1554825YJ2715D,2020/12/18 00:00:00.000,functional,1970/01/01 00:00:00.000,1970/01/01 00:00:00.000, ,https://www1.sedecatastro.gob.es/CYCBienInmueble/OVCListaBienes.aspx?rc1=1554825&rc2=YJ2715D,1554825YJ2715D,1554825YJ2715D,ES.SDGC.BU,0.100000000000000,m,footPrint,1,1_residential,11,10, ,http://ovc.catastro.meh.es/OVCServWeb/OVCWcfLibres/OVCFotoFachada.svc/RecuperarFotoFachadaGet?ReferenciaCatastral=1554825YJ2715D,jpeg,NotOfficial,grossFloorArea,1046,m2,118.750000000000000,1061.808221109999977,126.089726256812497,17.349946332937400,93.261656309252743,307.867473018528074
181,ES.SDGC.BU.1554826YJ2715D,2020/10/08 00:00:00.000,functional,1970/01/01 00:00:00.000,1970/01/01 00:00:00.000, ,https://www1.sedecatastro.gob.es/CYCBienInmueble/OVCListaBienes.aspx?rc1=1554826&rc2=YJ2715D,1554826YJ2715D,1554826YJ2715D,ES.SDGC.BU,0.100000000000000,m,footPrint,1,1_residential,17,15, ,http://ovc.catastro.meh.es/OVCServWeb/OVCWcfLibres/OVCFotoFachada.svc/RecuperarFotoFachadaGet?ReferenciaCatastral=1554826YJ2715D,jpeg,NotOfficial,grossFloorArea,1537,m2,250.000000000000000,1201.347746279999910,300.336936569999978,41.326362472031995,94.181273339332193,337.707486158470090
182,ES.SDGC.BU.1554827YJ2715D,2020/10/08 00:00:00.000,functional,1970/01/01 00:00:00.000,1970/01/01 00:00:00.000, ,https://www1.sedecatastro.gob.es/CYCBienInmueble/OVCListaBienes.aspx?rc1=1554827&rc2=YJ2715D,1554827YJ2715D,1554827YJ2715D,ES.SDGC.BU,0.100000000000000,m,footPrint,1,1_residential,18,15, ,http://ovc.catastro.meh.es/OVCServWeb/OVCWcfLibres/OVCFotoFachada.svc/RecuperarFotoFachadaGet?ReferenciaCatastral=1554827YJ2715D,jpeg,NotOfficial,grossFloorArea,1513,m2,212.500000000000000,1211.063178569999991,257.350925446125018,35.411487341386803,90.762350803309786,358.166711282685412
183,ES.SDGC.BU.1554828YJ2715D,2020/10/08 00:00:00.000,functional,1970/01/01 00:00:00.000,1970/01/01 00:00:00.000, ,https://www1.sedecatastro.gob.es/CYCBienInmueble/OVCListaBienes.aspx?rc1=1554828&rc2=YJ2715D,1554828YJ2715D,1554828YJ2715D,ES.SDGC.BU,0.100000000000000,m,footPrint,1,1_residential,12,10, ,http://ovc.catastro.meh.es/OVCServWeb/OVCWcfLibres/OVCFotoFachada.svc/RecuperarFotoFachadaGet?ReferenciaCatastral=1554828YJ2715D,jpeg,NotOfficial,grossFloorArea,906,m2,106.250000000000000,1202.269247619999987,127.741107559625007,17.577176400204401,61.385629526928810,168.929108312006690
184,ES.SDGC.BU.1554829YJ2715D,2020/10/08 00:00:00.000,functional,1972/01/01 00:00:00.000,1972/01/01 00:00:00.000, ,https://www1.sedecatastro.gob.es/CYCBienInmueble/OVCListaBienes.aspx?rc1=1554829&rc2=YJ2715D,1554829YJ2715D,1554829YJ2715D,ES.SDGC.BU,0.100000000000000,m,footPrint,1,1_residential,12,10, ,http://ovc.catastro.meh.es/OVCServWeb/OVCWcfLibres/OVCFotoFachada.svc/RecuperarFotoFachadaGet?ReferenciaCatastral=1554829YJ2715D,jpeg,NotOfficial,grossFloorArea,1071,m2,93.750000000000000,1180.851354979999996,110.704814529375000,15.232982479241999,64.506496314197619,200.816848691934212
185,ES.SDGC.BU.1555101YJ2715F,2020/12/18 00:00:00.000,functional,1971/01/01 00:00:00.000,1971/01/01 00:00:00.000, ,https://www1.sedecatastro.gob.es/CYCBienInmueble/OVCListaBienes.aspx?rc1=1555101&rc2=YJ2715F,1555101YJ2715F,1555101YJ2715F,ES.SDGC.BU,0.100000000000000,m,footPrint,1,1_residential,26,18, ,http://ovc.catastro.meh.es/OVCServWeb/OVCWcfLibres/OVCFotoFachada.svc/RecuperarFotoFachadaGet?ReferenciaCatastral=1555101YJ2715F,jpeg,NotOfficial,grossFloorArea,1652,m2,193.750000000000000,1097.640904580000097,212.667925262375007,29.263106516102802,100.406526592253741,411.446630003337646
186,ES.SDGC.BU.1555102YJ2715F,2020/10/29 00:00:00.000,functional,1971/01/01 00:00:00.000,1971/01/01 00:00:00.000, ,https://www1.sedecatastro.gob.es/CYCBienInmueble/OVCListaBienes.aspx?rc1=1555102&rc2=YJ2715F,1555102YJ2715F,1555102YJ2715F,ES.SDGC.BU,0.100000000000000,m,footPrint,1,1_residential,47,35, ,http://ovc.catastro.meh.es/OVCServWeb/OVCWcfLibres/OVCFotoFachada.svc/RecuperarFotoFachadaGet?ReferenciaCatastral=1555102YJ2715F,jpeg,NotOfficial,grossFloorArea,3505,m2,268.750000000000000,1146.042398139999932,307.998894500124948,42.380647883217193,151.159449167406166,687.175422009897943
187,ES.SDGC.BU.1555801YJ2715F,2013/02/14 00:00:00.000,functional,1942/01/01 00:00:00.000,1942/01/01 00:00:00.000, ,https://www1.sedecatastro.gob.es/CYCBienInmueble/OVCListaBienes.aspx?rc1=1555801&rc2=YJ2715F,1555801YJ2715F,1555801YJ2715F,ES.SDGC.BU,0.100000000000000,m,footPrint,1,3_industrial,1,0, ,http://ovc.catastro.meh.es/OVCServWeb/OVCWcfLibres/OVCFotoFachada.svc/RecuperarFotoFachadaGet?ReferenciaCatastral=1555801YJ2715F,jpeg,NotOfficial,grossFloorArea,49,m2,12.500000000000000,1129.532165529999929,14.119152069124999,1.942795324711600,32.035491995660720,49.008384244339432
188,ES.SDGC.BU.1557302YJ2715H,2020/12/18 00:00:00.000,functional,2004/01/01 00:00:00.000,2004/01/01 00:00:00.000, ,https://www1.sedecatastro.gob.es/CYCBienInmueble/OVCListaBienes.aspx?rc1=1557302&rc2=YJ2715H,1557302YJ2715H,1557302YJ2715H,ES.SDGC.BU,0.100000000000000,m,footPrint,1,1_residential,1,1, ,http://ovc.catastro.meh.es/OVCServWeb/OVCWcfLibres/OVCFotoFachada.svc/RecuperarFotoFachadaGet?ReferenciaCatastral=1557302YJ2715H,jpeg,NotOfficial,grossFloorArea,372,m2,112.500000000000000,1137.748487679999926,127.996704863999980,17.612346589286400,69.913082393884963,153.288215352971406
189,ES.SDGC.BU.1557303YJ2715H,2020/12/18 00:00:00.000,functional,1975/01/01 00:00:00.000,2000/01/01 00:00:00.000, ,https://www1.sedecatastro.gob.es/CYCBienInmueble/OVCListaBienes.aspx?rc1=1557303&rc2=YJ2715H,1557303YJ2715H,1557303YJ2715H,ES.SDGC.BU,0.100000000000000,m,footPrint,1,1_residential,1,1, ,http://ovc.catastro.meh.es/OVCServWeb/OVCWcfLibres/OVCFotoFachada.svc/RecuperarFotoFachadaGet?ReferenciaCatastral=1557303YJ2715H,jpeg,NotOfficial,grossFloorArea,373,m2,193.750000000000000,1142.972569620000058,221.450935363875004,30.471648706069200,120.546401866771930,300.514615183658634
190,ES.SDGC.BU.1557304YJ2715H,2020/12/18 00:00:00.000,functional,2007/01/01 00:00:00.000,2007/01/01 00:00:00.000, ,https://www1.sedecatastro.gob.es/CYCBienInmueble/OVCListaBienes.aspx?rc1=1557304&rc2=YJ2715H,1557304YJ2715H,1557304YJ2715H,ES.SDGC.BU,0.100000000000000,m,footPrint,1,1_residential,1,1, ,http://ovc.catastro.meh.es/OVCServWeb/OVCWcfLibres/OVCFotoFachada.svc/RecuperarFotoFachadaGet?ReferenciaCatastral=1557304YJ2715H,jpeg,NotOfficial,grossFloorArea,404,m2,75.000000000000000,1146.776880899999924,86.008266067499989,11.834737410888000,58.517696909487668,123.462809069250341
191,ES.SDGC.BU.1557305YJ2715H,2020/12/18 00:00:00.000,functional,1920/01/01 00:00:00.000,2002/01/01 00:00:00.000, ,https://www1.sedecatastro.gob.es/CYCBienInmueble/OVCListaBienes.aspx?rc1=1557305&rc2=YJ2715H,1557305YJ2715H,1557305YJ2715H,ES.SDGC.BU,0.100000000000000,m,footPrint,1,1_residential,1,1, ,http://ovc.catastro.meh.es/OVCServWeb/OVCWcfLibres/OVCFotoFachada.svc/RecuperarFotoFachadaGet?ReferenciaCatastral=1557305YJ2715H,jpeg,NotOfficial,grossFloorArea,292,m2,93.750000000000000,1179.336735030000000,110.562818909062500,15.213443881886999,63.430184819072686,126.004810543609267
192,ES.SDGC.BU.1557306YJ2715H,2020/12/18 00:00:00.000,functional,1920/01/01 00:00:00.000,1920/01/01 00:00:00.000, ,https://www1.sedecatastro.gob.es/CYCBienInmueble/OVCListaBienes.aspx?rc1=1557306&rc2=YJ2715H,1557306YJ2715H,1557306YJ2715H,ES.SDGC.BU,0.100000000000000,m,footPrint,1,1_residential,1,1, ,http://ovc.catastro.meh.es/OVCServWeb/OVCWcfLibres/OVCFotoFachada.svc/RecuperarFotoFachadaGet?ReferenciaCatastral=1557306YJ2715H,jpeg,NotOfficial,grossFloorArea,183,m2,75.000000000000000,1210.972656250000000,90.822949218749997,12.497237812500000,60.394442612204081,115.896922510013312
193,ES.SDGC.BU.1557307YJ2715H,2020/12/18 00:00:00.000,functional,1920/01/01 00:00:00.000,1920/01/01 00:00:00.000, ,https://www1.sedecatastro.gob.es/CYCBienInmueble/OVCListaBienes.aspx?rc1=1557307&rc2=YJ2715H,1557307YJ2715H,1557307YJ2715H,ES.SDGC.BU,0.100000000000000,m,footPrint,1,1_residential,1,1, ,http://ovc.catastro.meh.es/OVCServWeb/OVCWcfLibres/OVCFotoFachada.svc/RecuperarFotoFachadaGet?ReferenciaCatastral=1557307YJ2715H,jpeg,NotOfficial,grossFloorArea,115,m2,87.500000000000000,1202.410060339999973,105.210880279750000,14.477017126493601,53.269685985380775,115.053149994252621
194,ES.SDGC.BU.1557308YJ2715H,2020/12/18 00:00:00.000,functional,1956/01/01 00:00:00.000,1956/01/01 00:00:00.000, ,https://www1.sedecatastro.gob.es/CYCBienInmueble/OVCListaBienes.aspx?rc1=1557308&rc2=YJ2715H,1557308YJ2715H,1557308YJ2715H,ES.SDGC.BU,0.100000000000000,m,footPrint,1,1_residential,1,1, ,http://ovc.catastro.meh.es/OVCServWeb/OVCWcfLibres/OVCFotoFachada.svc/RecuperarFotoFachadaGet?ReferenciaCatastral=1557308YJ2715H,jpeg,NotOfficial,grossFloorArea,95,m2,68.750000000000000,1011.477156209999976,69.539054489437504,9.568573897746599,39.858243416708781,94.930955013116900
195,ES.SDGC.BU.1557309YJ2715H,2020/12/18 00:00:00.000,functional,1956/01/01 00:00:00.000,1956/01/01 00:00:00.000, ,https://www1.sedecatastro.gob.es/CYCBienInmueble/OVCListaBienes.aspx?rc1=1557309&rc2=YJ2715H,1557309YJ2715H,1557309YJ2715H,ES.SDGC.BU,0.100000000000000,m,footPrint,1,1_residential,2,2, ,http://ovc.catastro.meh.es/OVCServWeb/OVCWcfLibres/OVCFotoFachada.svc/RecuperarFotoFachadaGet?ReferenciaCatastral=1557309YJ2715H,jpeg,NotOfficial,grossFloorArea,211,m2,68.750000000000000,1081.283730249999962,74.338256454687496,10.228944088165001,44.679264102203312,101.862600000298215
196,ES.SDGC.BU.1557310YJ2715H,2020/12/18 00:00:00.000,functional,1920/01/01 00:00:00.000,1920/01/01 00:00:00.000, ,https://www1.sedecatastro.gob.es/CYCBienInmueble/OVCListaBienes.aspx?rc1=1557310&rc2=YJ2715H,1557310YJ2715H,1557310YJ2715H,ES.SDGC.BU,0.100000000000000,m,footPrint,1,1_residential,1,1, ,http://ovc.catastro.meh.es/OVCServWeb/OVCWcfLibres/OVCFotoFachada.svc/RecuperarFotoFachadaGet?ReferenciaCatastral=1557310YJ2715H,jpeg,NotOfficial,grossFloorArea,115,m2,56.250000000000000,1189.782023109999955,66.925238799937489,9.208912858871399,63.844915100519806,114.534799989932040
197,ES.SDGC.BU.1557311YJ2715F,2020/12/18 00:00:00.000,functional,1950/01/01 00:00:00.000,2000/01/01 00:00:00.000, ,https://www1.sedecatastro.gob.es/CYCBienInmueble/OVCListaBienes.aspx?rc1=1557311&rc2=YJ2715F,1557311YJ2715F,1557311YJ2715F,ES.SDGC.BU,0.100000000000000,m,footPrint,1,1_residential,1,1, ,http://ovc.catastro.meh.es/OVCServWeb/OVCWcfLibres/OVCFotoFachada.svc/RecuperarFotoFachadaGet?ReferenciaCatastral=1557311YJ2715F,jpeg,NotOfficial,grossFloorArea,206,m2,125.000000000000000,1130.025476069999968,141.253184508749996,19.436438188404001,78.768054304089688,171.627029996862916
198,ES.SDGC.BU.1557312YJ2715F,2020/12/18 00:00:00.000,functional,1945/01/01 00:00:00.000,1945/01/01 00:00:00.000, ,https://www1.sedecatastro.gob.es/CYCBienInmueble/OVCListaBienes.aspx?rc1=1557312&rc2=YJ2715F,1557312YJ2715F,1557312YJ2715F,ES.SDGC.BU,0.100000000000000,m,footPrint,1,1_residential,1,1, ,http://ovc.catastro.meh.es/OVCServWeb/OVCWcfLibres/OVCFotoFachada.svc/RecuperarFotoFachadaGet?ReferenciaCatastral=1557312YJ2715F,jpeg,NotOfficial,grossFloorArea,177,m2,156.250000000000000,1145.361120609999944,178.962675095312505,24.625264093115003,83.266894451027994,176.439749995438376
199,ES.SDGC.BU.1557313YJ2715H,2020/12/18 00:00:00.000,functional,1970/01/01 00:00:00.000,1970/01/01 00:00:00.000, ,https://www1.sedecatastro.gob.es/CYCBienInmueble/OVCListaBienes.aspx?rc1=1557313&rc2=YJ2715H,1557313YJ2715H,1557313YJ2715H,ES.SDGC.BU,0.100000000000000,m,footPrint,1,3_industrial,1,0, ,http://ovc.catastro.meh.es/OVCServWeb/OVCWcfLibres/OVCFotoFachada.svc/RecuperarFotoFachadaGet?ReferenciaCatastral=1557313YJ2715H,jpeg,NotOfficial,grossFloorArea,76,m2,37.500000000000000,1122.846628819999978,42.106748580750001,5.793888604711200,35.020800611395110,76.270200010831658
200,ES.SDGC.BU.1557314YJ2715H,2020/12/18 00:00:00.000,functional,1962/01/01 00:00:00.000,1962/01/01 00:00:00.000, ,https://www1.sedecatastro.gob.es/CYCBienInmueble/OVCListaBienes.aspx?rc1=1557314&rc2=YJ2715H,1557314YJ2715H,1557314YJ2715H,ES.SDGC.BU,0.100000000000000,m,footPrint,1,1_residential,1,1, ,http://ovc.catastro.meh.es/OVCServWeb/OVCWcfLibres/OVCFotoFachada.svc/RecuperarFotoFachadaGet?ReferenciaCatastral=1557314YJ2715H,jpeg,NotOfficial,grossFloorArea,86,m2,75.000000000000000,1236.821858719999909,92.761639403999993,12.764001581990399,54.250505262160125,85.978549998034538
201,ES.SDGC.BU.1557315YJ2715H,2020/12/18 00:00:00.000,functional,1962/01/01 00:00:00.000,1962/01/01 00:00:00.000, ,https://www1.sedecatastro.gob.es/CYCBienInmueble/OVCListaBienes.aspx?rc1=1557315&rc2=YJ2715H,1557315YJ2715H,1557315YJ2715H,ES.SDGC.BU,0.100000000000000,m,footPrint,1,1_residential,1,1, ,http://ovc.catastro.meh.es/OVCServWeb/OVCWcfLibres/OVCFotoFachada.svc/RecuperarFotoFachadaGet?ReferenciaCatastral=1557315YJ2715H,jpeg,NotOfficial,grossFloorArea,135,m2,87.500000000000000,1130.621730260000049,98.929401397749999,13.612685632330400,47.026073336742463,135.213245492647786
202,ES.SDGC.BU.1557316YJ2715H,2020/12/18 00:00:00.000,functional,1980/01/01 00:00:00.000,1980/01/01 00:00:00.000, ,https://www1.sedecatastro.gob.es/CYCBienInmueble/OVCListaBienes.aspx?rc1=1557316&rc2=YJ2715H,1557316YJ2715H,1557316YJ2715H,ES.SDGC.BU,0.100000000000000,m,footPrint,1,3_industrial,1,0, ,http://ovc.catastro.meh.es/OVCServWeb/OVCWcfLibres/OVCFotoFachada.svc/RecuperarFotoFachadaGet?ReferenciaCatastral=1557316YJ2715H,jpeg,NotOfficial,grossFloorArea,191,m2,125.000000000000000,1195.555218510000032,149.444402313750004,20.563549758372002,64.109726167354253,191.257122985057890
203,ES.SDGC.BU.1557317YJ2715H,2020/12/18 00:00:00.000,functional,2002/01/01 00:00:00.000,2002/01/01 00:00:00.000, ,https://www1.sedecatastro.gob.es/CYCBienInmueble/OVCListaBienes.aspx?rc1=1557317&rc2=YJ2715H,1557317YJ2715H,1557317YJ2715H,ES.SDGC.BU,0.100000000000000,m,footPrint,1,1_residential,1,1, ,http://ovc.catastro.meh.es/OVCServWeb/OVCWcfLibres/OVCFotoFachada.svc/RecuperarFotoFachadaGet?ReferenciaCatastral=1557317YJ2715H,jpeg,NotOfficial,grossFloorArea,216,m2,81.250000000000000,1074.192251350000106,87.278120422187513,12.009469370093001,52.385314782609946,121.938717694921792
204,ES.SDGC.BU.1557318YJ2715H,2020/12/18 00:00:00.000,functional,1954/01/01 00:00:00.000,1954/01/01 00:00:00.000, ,https://www1.sedecatastro.gob.es/CYCBienInmueble/OVCListaBienes.aspx?rc1=1557318&rc2=YJ2715H,1557318YJ2715H,1557318YJ2715H,ES.SDGC.BU,0.100000000000000,m,footPrint,1,1_residential,1,1, ,http://ovc.catastro.meh.es/OVCServWeb/OVCWcfLibres/OVCFotoFachada.svc/RecuperarFotoFachadaGet?ReferenciaCatastral=1557318YJ2715H,jpeg,NotOfficial,grossFloorArea,130,m2,43.750000000000000,1006.203482490000056,44.021402358937500,6.057344964589800,64.512847047247590,129.908550000535143
205,ES.SDGC.BU.1557801YJ2715G,2020/12/18 00:00:00.000,functional,1920/01/01 00:00:00.000,1920/01/01 00:00:00.000, ,https://www1.sedecatastro.gob.es/CYCBienInmueble/OVCListaBienes.aspx?rc1=1557801&rc2=YJ2715G,1557801YJ2715G,1557801YJ2715G,ES.SDGC.BU,0.100000000000000,m,footPrint,1,1_residential,1,1, ,http://ovc.catastro.meh.es/OVCServWeb/OVCWcfLibres/OVCFotoFachada.svc/RecuperarFotoFachadaGet?ReferenciaCatastral=1557801YJ2715G,jpeg,NotOfficial,grossFloorArea,74,m2,75.000000000000000,1185.576436359999889,88.918232726999989,12.235148823235198,39.046830240109855,87.204606495415092
206,ES.SDGC.BU.1557802YJ2715G,2020/12/18 00:00:00.000,functional,1920/01/01 00:00:00.000,1920/01/01 00:00:00.000, ,https://www1.sedecatastro.gob.es/CYCBienInmueble/OVCListaBienes.aspx?rc1=1557802&rc2=YJ2715G,1557802YJ2715G,1557802YJ2715G,ES.SDGC.BU,0.100000000000000,m,footPrint,1,1_residential,1,1, ,http://ovc.catastro.meh.es/OVCServWeb/OVCWcfLibres/OVCFotoFachada.svc/RecuperarFotoFachadaGet?ReferenciaCatastral=1557802YJ2715G,jpeg,NotOfficial,grossFloorArea,100,m2,62.500000000000000,1206.354699709999977,75.397168731874999,10.374650417505999,40.395149957230544,99.769047498757359
207,ES.SDGC.BU.1557803YJ2715H,2020/12/18 00:00:00.000,functional,1974/01/01 00:00:00.000,1974/01/01 00:00:00.000, ,https://www1.sedecatastro.gob.es/CYCBienInmueble/OVCListaBienes.aspx?rc1=1557803&rc2=YJ2715H,1557803YJ2715H,1557803YJ2715H,ES.SDGC.BU,0.100000000000000,m,footPrint,1,1_residential,11,8, ,http://ovc.catastro.meh.es/OVCServWeb/OVCWcfLibres/OVCFotoFachada.svc/RecuperarFotoFachadaGet?ReferenciaCatastral=1557803YJ2715H,jpeg,NotOfficial,grossFloorArea,1026,m2,75.000000000000000,1047.512481689999959,78.563436126749991,10.810328811040799,69.967684006030538,211.640215495141348
208,ES.SDGC.BU.1557804YJ2715H,2020/12/18 00:00:00.000,functional,2010/01/01 00:00:00.000,2010/01/01 00:00:00.000, ,https://www1.sedecatastro.gob.es/CYCBienInmueble/OVCListaBienes.aspx?rc1=1557804&rc2=YJ2715H,1557804YJ2715H,1557804YJ2715H,ES.SDGC.BU,0.100000000000000,m,footPrint,1,1_residential,1,1, ,http://ovc.catastro.meh.es/OVCServWeb/OVCWcfLibres/OVCFotoFachada.svc/RecuperarFotoFachadaGet?ReferenciaCatastral=1557804YJ2715H,jpeg,NotOfficial,grossFloorArea,296,m2,43.750000000000000,1170.764474049999990,51.220945739687501,7.048002133781001,44.587958994514800,115.370522453046732
209,ES.SDGC.BU.1557805YJ2715H,2020/12/18 00:00:00.000,functional,2012/01/01 00:00:00.000,2012/01/01 00:00:00.000, ,https://www1.sedecatastro.gob.es/CYCBienInmueble/OVCListaBienes.aspx?rc1=1557805&rc2=YJ2715H,1557805YJ2715H,1557805YJ2715H,ES.SDGC.BU,0.100000000000000,m,footPrint,1,1_residential,1,1, ,http://ovc.catastro.meh.es/OVCServWeb/OVCWcfLibres/OVCFotoFachada.svc/RecuperarFotoFachadaGet?ReferenciaCatastral=1557805YJ2715H,jpeg,NotOfficial,grossFloorArea,222,m2,68.750000000000000,1167.921592019999935,80.294609451374996,11.048538260509199,64.483218042514920,130.449705180405658
210,ES.SDGC.BU.1557806YJ2715H,2020/12/18 00:00:00.000,functional,1922/01/01 00:00:00.000,1922/01/01 00:00:00.000, ,https://www1.sedecatastro.gob.es/CYCBienInmueble/OVCListaBienes.aspx?rc1=1557806&rc2=YJ2715H,1557806YJ2715H,1557806YJ2715H,ES.SDGC.BU,0.100000000000000,m,footPrint,1,1_residential,1,1, ,http://ovc.catastro.meh.es/OVCServWeb/OVCWcfLibres/OVCFotoFachada.svc/RecuperarFotoFachadaGet?ReferenciaCatastral=1557806YJ2715H,jpeg,NotOfficial,grossFloorArea,97,m2,62.500000000000000,1154.390637210000023,72.149414825625001,9.927759480005999,52.573166299271406,96.443144346806079
211,ES.SDGC.BU.1557807YJ2715H,2020/12/18 00:00:00.000,functional,1921/01/01 00:00:00.000,1921/01/01 00:00:00.000, ,https://www1.sedecatastro.gob.es/CYCBienInmueble/OVCListaBienes.aspx?rc1=1557807&rc2=YJ2715H,1557807YJ2715H,1557807YJ2715H,ES.SDGC.BU,0.100000000000000,m,footPrint,1,1_residential,1,1, ,http://ovc.catastro.meh.es/OVCServWeb/OVCWcfLibres/OVCFotoFachada.svc/RecuperarFotoFachadaGet?ReferenciaCatastral=1557807YJ2715H,jpeg,NotOfficial,grossFloorArea,41,m2,25.000000000000000,1102.652435299999979,27.566310882499998,3.793124377432000,34.627273639725807,40.733300009095856
212,ES.SDGC.BU.1557809YJ2715F,2020/12/18 00:00:00.000,functional,1978/01/01 00:00:00.000,1978/01/01 00:00:00.000, ,https://www1.sedecatastro.gob.es/CYCBienInmueble/OVCListaBienes.aspx?rc1=1557809&rc2=YJ2715F,1557809YJ2715F,1557809YJ2715F,ES.SDGC.BU,0.100000000000000,m,footPrint,1,4_3_publicServices,1,0, ,http://ovc.catastro.meh.es/OVCServWeb/OVCWcfLibres/OVCFotoFachada.svc/RecuperarFotoFachadaGet?ReferenciaCatastral=1557809YJ2715F,jpeg,NotOfficial,grossFloorArea,519,m2,356.250000000000000,1164.215488370000003,414.751767731812492,57.069843239897395,97.621174044736478,518.994300016515695
213,ES.SDGC.BU.1557811YJ2715F,2020/12/18 00:00:00.000,functional,1963/01/01 00:00:00.000,1963/01/01 00:00:00.000, ,https://www1.sedecatastro.gob.es/CYCBienInmueble/OVCListaBienes.aspx?rc1=1557811&rc2=YJ2715F,1557811YJ2715F,1557811YJ2715F,ES.SDGC.BU,0.100000000000000,m,footPrint,1,1_residential,7,7, ,http://ovc.catastro.meh.es/OVCServWeb/OVCWcfLibres/OVCFotoFachada.svc/RecuperarFotoFachadaGet?ReferenciaCatastral=1557811YJ2715F,jpeg,NotOfficial,grossFloorArea,472,m2,50.000000000000000,1119.392730710000023,55.969636535500001,7.701421987284800,56.589955484372908,119.318099996965003
214,ES.SDGC.BU.1558401YJ2715H,2020/12/18 00:00:00.000,functional,1998/01/01 00:00:00.000,1998/01/01 00:00:00.000, ,https://www1.sedecatastro.gob.es/CYCBienInmueble/OVCListaBienes.aspx?rc1=1558401&rc2=YJ2715H,1558401YJ2715H,1558401YJ2715H,ES.SDGC.BU,0.100000000000000,m,footPrint,1,1_residential,77,76, ,http://ovc.catastro.meh.es/OVCServWeb/OVCWcfLibres/OVCFotoFachada.svc/RecuperarFotoFachadaGet?ReferenciaCatastral=1558401YJ2715H,jpeg,NotOfficial,grossFloorArea,10798,m2,975.000000000000000,1129.169562710000037,1100.940323642250178,151.489388533173610,287.461233471184812,1631.402117518695604
215,ES.SDGC.BU.1558801YJ2715H,2020/12/18 00:00:00.000,functional,1966/01/01 00:00:00.000,1966/01/01 00:00:00.000, ,https://www1.sedecatastro.gob.es/CYCBienInmueble/OVCListaBienes.aspx?rc1=1558801&rc2=YJ2715H,1558801YJ2715H,1558801YJ2715H,ES.SDGC.BU,0.100000000000000,m,footPrint,1,1_residential,22,21, ,http://ovc.catastro.meh.es/OVCServWeb/OVCWcfLibres/OVCFotoFachada.svc/RecuperarFotoFachadaGet?ReferenciaCatastral=1558801YJ2715H,jpeg,NotOfficial,grossFloorArea,1546,m2,106.250000000000000,1007.873499250000009,107.086559295312497,14.735110559035000,97.739626744799480,286.160714335054024
216,ES.SDGC.BU.1558802YJ2715H,2020/12/18 00:00:00.000,functional,1950/01/01 00:00:00.000,1950/01/01 00:00:00.000, ,https://www1.sedecatastro.gob.es/CYCBienInmueble/OVCListaBienes.aspx?rc1=1558802&rc2=YJ2715H,1558802YJ2715H,1558802YJ2715H,ES.SDGC.BU,0.100000000000000,m,footPrint,1,1_residential,1,0, ,http://ovc.catastro.meh.es/OVCServWeb/OVCWcfLibres/OVCFotoFachada.svc/RecuperarFotoFachadaGet?ReferenciaCatastral=1558802YJ2715H,jpeg,NotOfficial,grossFloorArea,108,m2,37.500000000000000,1048.477956140000060,39.317923355250002,5.410146253682400,42.417382757374483,107.672854612254383
217,ES.SDGC.BU.1558803YJ2715H,2020/12/18 00:00:00.000,functional,1997/01/01 00:00:00.000,1997/01/01 00:00:00.000, ,https://www1.sedecatastro.gob.es/CYCBienInmueble/OVCListaBienes.aspx?rc1=1558803&rc2=YJ2715H,1558803YJ2715H,1558803YJ2715H,ES.SDGC.BU,0.100000000000000,m,footPrint,1,1_residential,1,1, ,http://ovc.catastro.meh.es/OVCServWeb/OVCWcfLibres/OVCFotoFachada.svc/RecuperarFotoFachadaGet?ReferenciaCatastral=1558803YJ2715H,jpeg,NotOfficial,grossFloorArea,243,m2,87.500000000000000,1120.358415879999939,98.031361389500006,13.489115327195201,65.127675659496788,131.984660016802792
218,ES.SDGC.BU.1558804YJ2715H,2020/12/18 00:00:00.000,functional,1930/01/01 00:00:00.000,1930/01/01 00:00:00.000, ,https://www1.sedecatastro.gob.es/CYCBienInmueble/OVCListaBienes.aspx?rc1=1558804&rc2=YJ2715H,1558804YJ2715H,1558804YJ2715H,ES.SDGC.BU,0.100000000000000,m,footPrint,1,3_industrial,1,0, ,http://ovc.catastro.meh.es/OVCServWeb/OVCWcfLibres/OVCFotoFachada.svc/RecuperarFotoFachadaGet?ReferenciaCatastral=1558804YJ2715H,jpeg,NotOfficial,grossFloorArea,117,m2,43.750000000000000,1155.553989960000081,50.555487060750004,6.956435019559200,70.778926802186632,116.882115443081759
219,ES.SDGC.BU.1558805YJ2715H,2020/12/18 00:00:00.000,functional,1940/01/01 00:00:00.000,1940/01/01 00:00:00.000, ,https://www1.sedecatastro.gob.es/CYCBienInmueble/OVCListaBienes.aspx?rc1=1558805&rc2=YJ2715H,1558805YJ2715H,1558805YJ2715H,ES.SDGC.BU,0.100000000000000,m,footPrint,1,1_residential,1,1, ,http://ovc.catastro.meh.es/OVCServWeb/OVCWcfLibres/OVCFotoFachada.svc/RecuperarFotoFachadaGet?ReferenciaCatastral=1558805YJ2715H,jpeg,NotOfficial,grossFloorArea,72,m2,37.500000000000000,1058.356496180000022,39.688368606750004,5.461119520288801,48.146226824309188,72.043053572625055
220,ES.SDGC.BU.1558806YJ2715H,2020/12/18 00:00:00.000,functional,2009/01/01 00:00:00.000,2009/01/01 00:00:00.000, ,https://www1.sedecatastro.gob.es/CYCBienInmueble/OVCListaBienes.aspx?rc1=1558806&rc2=YJ2715H,1558806YJ2715H,1558806YJ2715H,ES.SDGC.BU,0.100000000000000,m,footPrint,1,1_residential,7,7, ,http://ovc.catastro.meh.es/OVCServWeb/OVCWcfLibres/OVCFotoFachada.svc/RecuperarFotoFachadaGet?ReferenciaCatastral=1558806YJ2715H,jpeg,NotOfficial,grossFloorArea,974,m2,187.500000000000000,1116.997544349999998,209.437039565624985,28.818536644230001,129.858206666726545,460.164629705080301
221,ES.SDGC.BU.1558807YJ2715H,2020/12/18 00:00:00.000,functional,1940/01/01 00:00:00.000,1940/01/01 00:00:00.000, ,https://www1.sedecatastro.gob.es/CYCBienInmueble/OVCListaBienes.aspx?rc1=1558807&rc2=YJ2715H,1558807YJ2715H,1558807YJ2715H,ES.SDGC.BU,0.100000000000000,m,footPrint,1,3_industrial,1,0, ,http://ovc.catastro.meh.es/OVCServWeb/OVCWcfLibres/OVCFotoFachada.svc/RecuperarFotoFachadaGet?ReferenciaCatastral=1558807YJ2715H,jpeg,NotOfficial,grossFloorArea,91,m2,75.000000000000000,1073.509714759999952,80.513228607000002,11.078620256323202,38.837057463810417,91.091587338709274
222,ES.SDGC.BU.1558808YJ2715H,2020/12/18 00:00:00.000,functional,1940/01/01 00:00:00.000,2006/01/01 00:00:00.000, ,https://www1.sedecatastro.gob.es/CYCBienInmueble/OVCListaBienes.aspx?rc1=1558808&rc2=YJ2715H,1558808YJ2715H,1558808YJ2715H,ES.SDGC.BU,0.100000000000000,m,footPrint,1,1_residential,1,1, ,http://ovc.catastro.meh.es/OVCServWeb/OVCWcfLibres/OVCFotoFachada.svc/RecuperarFotoFachadaGet?ReferenciaCatastral=1558808YJ2715H,jpeg,NotOfficial,grossFloorArea,101,m2,68.750000000000000,1106.902216129999942,76.099527358937493,10.471294964589799,52.658284353923669,101.177515810004252
223,ES.SDGC.BU.1558809YJ2715H,2020/12/18 00:00:00.000,functional,2007/01/01 00:00:00.000,2007/01/01 00:00:00.000, ,https://www1.sedecatastro.gob.es/CYCBienInmueble/OVCListaBienes.aspx?rc1=1558809&rc2=YJ2715H,1558809YJ2715H,1558809YJ2715H,ES.SDGC.BU,0.100000000000000,m,footPrint,1,1_residential,1,1, ,http://ovc.catastro.meh.es/OVCServWeb/OVCWcfLibres/OVCFotoFachada.svc/RecuperarFotoFachadaGet?ReferenciaCatastral=1558809YJ2715H,jpeg,NotOfficial,grossFloorArea,338,m2,56.250000000000000,1123.202853730000015,63.180160522312498,8.693590087870200,44.106828851582833,112.684509620409273
224,ES.SDGC.BU.1558810YJ2715H,2020/12/18 00:00:00.000,functional,1940/01/01 00:00:00.000,1940/01/01 00:00:00.000, ,https://www1.sedecatastro.gob.es/CYCBienInmueble/OVCListaBienes.aspx?rc1=1558810&rc2=YJ2715H,1558810YJ2715H,1558810YJ2715H,ES.SDGC.BU,0.100000000000000,m,footPrint,1,1_residential,1,1, ,http://ovc.catastro.meh.es/OVCServWeb/OVCWcfLibres/OVCFotoFachada.svc/RecuperarFotoFachadaGet?ReferenciaCatastral=1558810YJ2715H,jpeg,NotOfficial,grossFloorArea,107,m2,56.250000000000000,1062.526048449999962,59.767090225312494,8.223951615002999,64.322556983436115,107.697647731692342
225,ES.SDGC.BU.1558811YJ2715H,2020/12/18 00:00:00.000,functional,1940/01/01 00:00:00.000,1940/01/01 00:00:00.000, ,https://www1.sedecatastro.gob.es/CYCBienInmueble/OVCListaBienes.aspx?rc1=1558811&rc2=YJ2715H,1558811YJ2715H,1558811YJ2715H,ES.SDGC.BU,0.100000000000000,m,footPrint,1,1_residential,1,1, ,http://ovc.catastro.meh.es/OVCServWeb/OVCWcfLibres/OVCFotoFachada.svc/RecuperarFotoFachadaGet?ReferenciaCatastral=1558811YJ2715H,jpeg,NotOfficial,grossFloorArea,105,m2,81.250000000000000,1171.825852610000084,95.210850524562517,13.101013032179802,58.151107431785036,104.785856946543817
226,ES.SDGC.BU.1558812YJ2715H,2020/12/18 00:00:00.000,functional,2006/01/01 00:00:00.000,2006/01/01 00:00:00.000, ,https://www1.sedecatastro.gob.es/CYCBienInmueble/OVCListaBienes.aspx?rc1=1558812&rc2=YJ2715H,1558812YJ2715H,1558812YJ2715H,ES.SDGC.BU,0.100000000000000,m,footPrint,1,1_residential,1,1, ,http://ovc.catastro.meh.es/OVCServWeb/OVCWcfLibres/OVCFotoFachada.svc/RecuperarFotoFachadaGet?ReferenciaCatastral=1558812YJ2715H,jpeg,NotOfficial,grossFloorArea,191,m2,75.000000000000000,1132.292373660000067,84.921928024500005,11.685257296171200,57.802953456230966,102.819188549327649
227,ES.SDGC.BU.1558813YJ2715H,2020/12/18 00:00:00.000,functional,2000/01/01 00:00:00.000,2000/01/01 00:00:00.000, ,https://www1.sedecatastro.gob.es/CYCBienInmueble/OVCListaBienes.aspx?rc1=1558813&rc2=YJ2715H,1558813YJ2715H,1558813YJ2715H,ES.SDGC.BU,0.100000000000000,m,footPrint,1,1_residential,1,1, ,http://ovc.catastro.meh.es/OVCServWeb/OVCWcfLibres/OVCFotoFachada.svc/RecuperarFotoFachadaGet?ReferenciaCatastral=1558813YJ2715H,jpeg,NotOfficial,grossFloorArea,222,m2,93.750000000000000,1016.390132650000055,95.286574935937509,13.111432711185001,47.898689941293689,127.133875502259372
228,ES.SDGC.BU.1558814YJ2715H,2020/12/18 00:00:00.000,functional,2008/01/01 00:00:00.000,2008/01/01 00:00:00.000, ,https://www1.sedecatastro.gob.es/CYCBienInmueble/OVCListaBienes.aspx?rc1=1558814&rc2=YJ2715H,1558814YJ2715H,1558814YJ2715H,ES.SDGC.BU,0.100000000000000,m,footPrint,1,1_residential,2,2, ,http://ovc.catastro.meh.es/OVCServWeb/OVCWcfLibres/OVCFotoFachada.svc/RecuperarFotoFachadaGet?ReferenciaCatastral=1558814YJ2715H,jpeg,NotOfficial,grossFloorArea,248,m2,87.500000000000000,1095.553292410000040,95.860913085874998,13.190461640616400,63.602708547603626,118.761850389107764
229,ES.SDGC.BU.1558815YJ2715G,2020/12/18 00:00:00.000,functional,1940/01/01 00:00:00.000,2004/01/01 00:00:00.000, ,https://www1.sedecatastro.gob.es/CYCBienInmueble/OVCListaBienes.aspx?rc1=1558815&rc2=YJ2715G,1558815YJ2715G,1558815YJ2715G,ES.SDGC.BU,0.100000000000000,m,footPrint,1,1_residential,1,1, ,http://ovc.catastro.meh.es/OVCServWeb/OVCWcfLibres/OVCFotoFachada.svc/RecuperarFotoFachadaGet?ReferenciaCatastral=1558815YJ2715G,jpeg,NotOfficial,grossFloorArea,177,m2,43.750000000000000,1029.295209610000029,45.031665420437498,6.196357161852200,42.995318284735191,109.768897857912762
230,ES.SDGC.BU.1558816YJ2715G,2020/12/18 00:00:00.000,declined,1930/01/01 00:00:00.000,1930/01/01 00:00:00.000, ,https://www1.sedecatastro.gob.es/CYCBienInmueble/OVCListaBienes.aspx?rc1=1558816&rc2=YJ2715G,1558816YJ2715G,1558816YJ2715G,ES.SDGC.BU,0.100000000000000,m,footPrint,1,3_industrial,1,0, ,http://ovc.catastro.meh.es/OVCServWeb/OVCWcfLibres/OVCFotoFachada.svc/RecuperarFotoFachadaGet?ReferenciaCatastral=1558816YJ2715G,jpeg,NotOfficial,grossFloorArea,170,m2,100.000000000000000,1061.987678530000039,106.198767852999993,14.612950456572799,76.553133571901157,170.718233318864179
231,ES.SDGC.BU.1558817YJ2715H,2020/12/18 00:00:00.000,functional,1995/01/01 00:00:00.000,1995/01/01 00:00:00.000, ,https://www1.sedecatastro.gob.es/CYCBienInmueble/OVCListaBienes.aspx?rc1=1558817&rc2=YJ2715H,1558817YJ2715H,1558817YJ2715H,ES.SDGC.BU,0.100000000000000,m,footPrint,1,1_residential,1,1, ,http://ovc.catastro.meh.es/OVCServWeb/OVCWcfLibres/OVCFotoFachada.svc/RecuperarFotoFachadaGet?ReferenciaCatastral=1558817YJ2715H,jpeg,NotOfficial,grossFloorArea,227,m2,50.000000000000000,1083.304450990000078,54.165222549500001,7.453134622811200,42.011114394779042,91.888355132808243
232,ES.SDGC.BU.1559101YJ2715H,2020/12/18 00:00:00.000,functional,1961/01/01 00:00:00.000,1961/01/01 00:00:00.000, ,https://www1.sedecatastro.gob.es/CYCBienInmueble/OVCListaBienes.aspx?rc1=1559101&rc2=YJ2715H,1559101YJ2715H,1559101YJ2715H,ES.SDGC.BU,0.100000000000000,m,footPrint,1,1_residential,1,1, ,http://ovc.catastro.meh.es/OVCServWeb/OVCWcfLibres/OVCFotoFachada.svc/RecuperarFotoFachadaGet?ReferenciaCatastral=1559101YJ2715H,jpeg,NotOfficial,grossFloorArea,309,m2,81.250000000000000,990.595247708999977,80.485863876356248,11.074854869386620,102.657343065211265,191.755154005979733
233,ES.SDGC.BU.1559105YJ2715H,2020/12/18 00:00:00.000,functional,1961/01/01 00:00:00.000,1961/01/01 00:00:00.000, ,https://www1.sedecatastro.gob.es/CYCBienInmueble/OVCListaBienes.aspx?rc1=1559105&rc2=YJ2715H,1559105YJ2715H,1559105YJ2715H,ES.SDGC.BU,0.100000000000000,m,footPrint,1,1_residential,1,1, ,http://ovc.catastro.meh.es/OVCServWeb/OVCWcfLibres/OVCFotoFachada.svc/RecuperarFotoFachadaGet?ReferenciaCatastral=1559105YJ2715H,jpeg,NotOfficial,grossFloorArea,232,m2,143.750000000000000,1100.249272889999929,158.160832977937474,21.762930617764198,113.923240596748414,232.465956003612121
234,ES.SDGC.BU.1559111YJ2715H,2020/12/18 00:00:00.000,functional,1977/01/01 00:00:00.000,1977/01/01 00:00:00.000, ,https://www1.sedecatastro.gob.es/CYCBienInmueble/OVCListaBienes.aspx?rc1=1559111&rc2=YJ2715H,1559111YJ2715H,1559111YJ2715H,ES.SDGC.BU,0.100000000000000,m,footPrint,1,1_residential,18,16, ,http://ovc.catastro.meh.es/OVCServWeb/OVCWcfLibres/OVCFotoFachada.svc/RecuperarFotoFachadaGet?ReferenciaCatastral=1559111YJ2715H,jpeg,NotOfficial,grossFloorArea,1748,m2,212.500000000000000,1140.927111460000106,242.447011185250005,33.360708739090398,79.478315356787490,387.904053887881787
235,ES.SDGC.BU.1559112YJ2715H,2020/12/18 00:00:00.000,functional,1998/01/01 00:00:00.000,1998/01/01 00:00:00.000, ,https://www1.sedecatastro.gob.es/CYCBienInmueble/OVCListaBienes.aspx?rc1=1559112&rc2=YJ2715H,1559112YJ2715H,1559112YJ2715H,ES.SDGC.BU,0.100000000000000,m,footPrint,1,1_residential,12,12, ,http://ovc.catastro.meh.es/OVCServWeb/OVCWcfLibres/OVCFotoFachada.svc/RecuperarFotoFachadaGet?ReferenciaCatastral=1559112YJ2715H,jpeg,NotOfficial,grossFloorArea,1214,m2,156.250000000000000,1151.401850590000095,179.906539154687522,24.755139787685003,88.870469207026986,245.355728488432248
236,ES.SDGC.BU.1559113YJ2715H,2020/12/18 00:00:00.000,functional,1998/01/01 00:00:00.000,1998/01/01 00:00:00.000, ,https://www1.sedecatastro.gob.es/CYCBienInmueble/OVCListaBienes.aspx?rc1=1559113&rc2=YJ2715H,1559113YJ2715H,1559113YJ2715H,ES.SDGC.BU,0.100000000000000,m,footPrint,1,1_residential,10,10, ,http://ovc.catastro.meh.es/OVCServWeb/OVCWcfLibres/OVCFotoFachada.svc/RecuperarFotoFachadaGet?ReferenciaCatastral=1559113YJ2715H,jpeg,NotOfficial,grossFloorArea,1064,m2,75.000000000000000,1140.224517820000074,85.516838836500000,11.767117023902399,82.909440751578884,216.045525504650243
237,ES.SDGC.BU.1559115YJ2715H,2020/10/23 00:00:00.000,functional,2010/01/01 00:00:00.000,2010/01/01 00:00:00.000, ,https://www1.sedecatastro.gob.es/CYCBienInmueble/OVCListaBienes.aspx?rc1=1559115&rc2=YJ2715H,1559115YJ2715H,1559115YJ2715H,ES.SDGC.BU,0.100000000000000,m,footPrint,1,1_residential,40,16, ,http://ovc.catastro.meh.es/OVCServWeb/OVCWcfLibres/OVCFotoFachada.svc/RecuperarFotoFachadaGet?ReferenciaCatastral=1559115YJ2715H,jpeg,NotOfficial,grossFloorArea,1986,m2,168.750000000000000,1120.737948949999918,189.124528885312486,26.023535174618996,68.972009828407423,289.728696727281715
238,ES.SDGC.BU.1559116YJ2715H,2020/10/23 00:00:00.000,functional,2010/01/01 00:00:00.000,2010/01/01 00:00:00.000, ,https://www1.sedecatastro.gob.es/CYCBienInmueble/OVCListaBienes.aspx?rc1=1559116&rc2=YJ2715H,1559116YJ2715H,1559116YJ2715H,ES.SDGC.BU,0.100000000000000,m,footPrint,1,1_residential,41,16, ,http://ovc.catastro.meh.es/OVCServWeb/OVCWcfLibres/OVCFotoFachada.svc/RecuperarFotoFachadaGet?ReferenciaCatastral=1559116YJ2715H,jpeg,NotOfficial,grossFloorArea,2139,m2,168.750000000000000,1157.340291340000022,195.301174163625006,26.873441564914799,71.469465921184536,313.669512353124333
239,ES.SDGC.BU.1559117YJ2715H,2020/12/18 00:00:00.000,functional,2000/01/01 00:00:00.000,2000/01/01 00:00:00.000, ,https://www1.sedecatastro.gob.es/CYCBienInmueble/OVCListaBienes.aspx?rc1=1559117&rc2=YJ2715H,1559117YJ2715H,1559117YJ2715H,ES.SDGC.BU,0.100000000000000,m,footPrint,1,3_industrial,1,0, ,http://ovc.catastro.meh.es/OVCServWeb/OVCWcfLibres/OVCFotoFachada.svc/RecuperarFotoFachadaGet?ReferenciaCatastral=1559117YJ2715H,jpeg,NotOfficial,grossFloorArea,545,m2,187.500000000000000,891.393642171000010,167.136307907062502,22.997955968011802,107.752852551021533,546.586284641811631
240,ES.SDGC.BU.1561602YJ2716B,2020/12/18 00:00:00.000,functional,1991/01/01 00:00:00.000,1991/01/01 00:00:00.000, ,https://www1.sedecatastro.gob.es/CYCBienInmueble/OVCListaBienes.aspx?rc1=1561602&rc2=YJ2716B,1561602YJ2716B,1561602YJ2716B,ES.SDGC.BU,0.100000000000000,m,footPrint,1,4_3_publicServices,1,0, ,http://ovc.catastro.meh.es/OVCServWeb/OVCWcfLibres/OVCFotoFachada.svc/RecuperarFotoFachadaGet?ReferenciaCatastral=1561602YJ2716B,jpeg,NotOfficial,grossFloorArea,3002,m2,1300.000000000000000,1164.329501810000011,1513.628352353000082,208.275261283772807,365.467373148290619,1745.127260090745949
241,ES.SDGC.BU.1657701YJ2715F,2021/07/20 00:00:00.000,functional,1900/01/01 00:00:00.000,2015/01/01 00:00:00.000, ,https://www1.sedecatastro.gob.es/CYCBienInmueble/OVCListaBienes.aspx?rc1=1657701&rc2=YJ2715F,1657701YJ2715F,1657701YJ2715F,ES.SDGC.BU,0.100000000000000,m,footPrint,1,1_residential,3,1, ,http://ovc.catastro.meh.es/OVCServWeb/OVCWcfLibres/OVCFotoFachada.svc/RecuperarFotoFachadaGet?ReferenciaCatastral=1657701YJ2715F,jpeg,NotOfficial,grossFloorArea,10060,m2,2331.250000000000000,1149.924119880000035,2680.760604470250200,368.872659175106435,1059.001310658503826,4049.317450394206389
242,ES.SDGC.BU.1658201YJ2715H,2020/12/18 00:00:00.000,functional,1922/01/01 00:00:00.000,1922/01/01 00:00:00.000, ,https://www1.sedecatastro.gob.es/CYCBienInmueble/OVCListaBienes.aspx?rc1=1658201&rc2=YJ2715H,1658201YJ2715H,1658201YJ2715H,ES.SDGC.BU,0.100000000000000,m,footPrint,1,3_industrial,1,0, ,http://ovc.catastro.meh.es/OVCServWeb/OVCWcfLibres/OVCFotoFachada.svc/RecuperarFotoFachadaGet?ReferenciaCatastral=1658201YJ2715H,jpeg,NotOfficial,grossFloorArea,201,m2,125.000000000000000,1113.187832639999897,139.148479079999987,19.146830721407998,61.511474006127528,223.846499990414827
243,ES.SDGC.BU.1659201YJ2716B,2020/12/18 00:00:00.000,functional,1985/01/01 00:00:00.000,1985/01/01 00:00:00.000, ,https://www1.sedecatastro.gob.es/CYCBienInmueble/OVCListaBienes.aspx?rc1=1659201&rc2=YJ2716B,1659201YJ2716B,1659201YJ2716B,ES.SDGC.BU,0.100000000000000,m,footPrint,1,4_2_retail,47,0, ,http://ovc.catastro.meh.es/OVCServWeb/OVCWcfLibres/OVCFotoFachada.svc/RecuperarFotoFachadaGet?ReferenciaCatastral=1659201YJ2716B,jpeg,NotOfficial,grossFloorArea,4344,m2,556.250000000000000,1220.235606680000046,678.756056215750050,93.396833335287212,126.717186302028850,831.534955666060569
244,ES.SDGC.BU.1659202YJ2716B,2020/12/18 00:00:00.000,functional,1983/01/01 00:00:00.000,1983/01/01 00:00:00.000, ,https://www1.sedecatastro.gob.es/CYCBienInmueble/OVCListaBienes.aspx?rc1=1659202&rc2=YJ2716B,1659202YJ2716B,1659202YJ2716B,ES.SDGC.BU,0.100000000000000,m,footPrint,1,1_residential,78,72, ,http://ovc.catastro.meh.es/OVCServWeb/OVCWcfLibres/OVCFotoFachada.svc/RecuperarFotoFachadaGet?ReferenciaCatastral=1659202YJ2716B,jpeg,NotOfficial,grossFloorArea,4889,m2,731.250000000000000,1184.389534189999949,866.084846876437382,119.173274930197792,141.341922234134586,984.302648597781172
245,ES.SDGC.BU.1659203YJ2716B,2020/12/18 00:00:00.000,functional,2002/01/01 00:00:00.000,2002/01/01 00:00:00.000, ,https://www1.sedecatastro.gob.es/CYCBienInmueble/OVCListaBienes.aspx?rc1=1659203&rc2=YJ2716B,1659203YJ2716B,1659203YJ2716B,ES.SDGC.BU,0.100000000000000,m,footPrint,1,1_residential,7,0, ,http://ovc.catastro.meh.es/OVCServWeb/OVCWcfLibres/OVCFotoFachada.svc/RecuperarFotoFachadaGet?ReferenciaCatastral=1659203YJ2716B,jpeg,NotOfficial,grossFloorArea,5158,m2,1112.500000000000000,1064.861938129999999,1184.658906169624970,163.009065488940394,169.632549809042928,1504.406041518332358
246,ES.SDGC.BU.1659204YJ2716B,2020/12/18 00:00:00.000,functional,2002/01/01 00:00:00.000,2002/01/01 00:00:00.000, ,https://www1.sedecatastro.gob.es/CYCBienInmueble/OVCListaBienes.aspx?rc1=1659204&rc2=YJ2716B,1659204YJ2716B,1659204YJ2716B,ES.SDGC.BU,0.100000000000000,m,footPrint,1,1_residential,133,66, ,http://ovc.catastro.meh.es/OVCServWeb/OVCWcfLibres/OVCFotoFachada.svc/RecuperarFotoFachadaGet?ReferenciaCatastral=1659204YJ2716B,jpeg,NotOfficial,grossFloorArea,11454,m2,1350.000000000000000,1126.426832690000083,1520.676224131500021,209.245048440494401,297.335759571469282,2515.286128177479441
247,ES.SDGC.BU.1659223YJ2715H,2020/12/18 00:00:00.000,functional,1945/01/01 00:00:00.000,1945/01/01 00:00:00.000, ,https://www1.sedecatastro.gob.es/CYCBienInmueble/OVCListaBienes.aspx?rc1=1659223&rc2=YJ2715H,1659223YJ2715H,1659223YJ2715H,ES.SDGC.BU,0.100000000000000,m,footPrint,1,1_residential,1,1, ,http://ovc.catastro.meh.es/OVCServWeb/OVCWcfLibres/OVCFotoFachada.svc/RecuperarFotoFachadaGet?ReferenciaCatastral=1659223YJ2715H,jpeg,NotOfficial,grossFloorArea,191,m2,37.500000000000000,1026.840128580000055,38.506504821749999,5.298495063472799,56.542087822808540,119.133975748571316
248,ES.SDGC.BU.1659224YJ2716B,2020/12/18 00:00:00.000,functional,2003/01/01 00:00:00.000,2003/01/01 00:00:00.000, ,https://www1.sedecatastro.gob.es/CYCBienInmueble/OVCListaBienes.aspx?rc1=1659224&rc2=YJ2716B,1659224YJ2716B,1659224YJ2716B,ES.SDGC.BU,0.100000000000000,m,footPrint,1,1_residential,1,0, ,http://ovc.catastro.meh.es/OVCServWeb/OVCWcfLibres/OVCFotoFachada.svc/RecuperarFotoFachadaGet?ReferenciaCatastral=1659224YJ2716B,jpeg,NotOfficial,grossFloorArea,311,m2,193.750000000000000,1001.922268779999968,194.122439576125004,26.711247685674799,98.588567309919526,310.844124134938681
249,ES.SDGC.BU.1659225YJ2716B,2020/12/18 00:00:00.000,functional,1955/01/01 00:00:00.000,1955/01/01 00:00:00.000, ,https://www1.sedecatastro.gob.es/CYCBienInmueble/OVCListaBienes.aspx?rc1=1659225&rc2=YJ2716B,1659225YJ2716B,1659225YJ2716B,ES.SDGC.BU,0.100000000000000,m,footPrint,1,1_residential,2,2, ,http://ovc.catastro.meh.es/OVCServWeb/OVCWcfLibres/OVCFotoFachada.svc/RecuperarFotoFachadaGet?ReferenciaCatastral=1659225YJ2716B,jpeg,NotOfficial,grossFloorArea,179,m2,62.500000000000000,992.570880127000009,62.035680007937501,8.536109569092201,49.060496257444612,99.741168992343773
250,ES.SDGC.BU.1659226YJ2716B,2020/12/18 00:00:00.000,functional,1949/01/01 00:00:00.000,1949/01/01 00:00:00.000, ,https://www1.sedecatastro.gob.es/CYCBienInmueble/OVCListaBienes.aspx?rc1=1659226&rc2=YJ2716B,1659226YJ2716B,1659226YJ2716B,ES.SDGC.BU,0.100000000000000,m,footPrint,1,1_residential,1,1, ,http://ovc.catastro.meh.es/OVCServWeb/OVCWcfLibres/OVCFotoFachada.svc/RecuperarFotoFachadaGet?ReferenciaCatastral=1659226YJ2716B,jpeg,NotOfficial,grossFloorArea,126,m2,12.500000000000000,924.545654297000056,11.556820678712500,1.590218525390840,49.981178784807184,110.494452496451586
251,ES.SDGC.BU.1659229YJ2716B,2020/12/18 00:00:00.000,functional,1980/01/01 00:00:00.000,1980/01/01 00:00:00.000, ,https://www1.sedecatastro.gob.es/CYCBienInmueble/OVCListaBienes.aspx?rc1=1659229&rc2=YJ2716B,1659229YJ2716B,1659229YJ2716B,ES.SDGC.BU,0.100000000000000,m,footPrint,1,4_2_retail,1,0, ,http://ovc.catastro.meh.es/OVCServWeb/OVCWcfLibres/OVCFotoFachada.svc/RecuperarFotoFachadaGet?ReferenciaCatastral=1659229YJ2716B,jpeg,NotOfficial,grossFloorArea,758,m2,137.500000000000000,1132.388896599999953,155.703473282499999,21.424797923671999,59.851704142322532,195.841826877448625
252,ES.SDGC.BU.1659230YJ2716B,2020/10/08 00:00:00.000,functional,2007/01/01 00:00:00.000,2007/01/01 00:00:00.000, ,https://www1.sedecatastro.gob.es/CYCBienInmueble/OVCListaBienes.aspx?rc1=1659230&rc2=YJ2716B,1659230YJ2716B,1659230YJ2716B,ES.SDGC.BU,0.100000000000000,m,footPrint,1,1_residential,22,10, ,http://ovc.catastro.meh.es/OVCServWeb/OVCWcfLibres/OVCFotoFachada.svc/RecuperarFotoFachadaGet?ReferenciaCatastral=1659230YJ2716B,jpeg,NotOfficial,grossFloorArea,1501,m2,68.750000000000000,1101.475136499999962,75.726415634374987,10.419954791289998,75.946071784954199,211.373265297947341
253,ES.SDGC.BU.1659301YJ2715H,2020/12/18 00:00:00.000,functional,1998/01/01 00:00:00.000,1998/01/01 00:00:00.000, ,https://www1.sedecatastro.gob.es/CYCBienInmueble/OVCListaBienes.aspx?rc1=1659301&rc2=YJ2715H,1659301YJ2715H,1659301YJ2715H,ES.SDGC.BU,0.100000000000000,m,footPrint,1,1_residential,77,76, ,http://ovc.catastro.meh.es/OVCServWeb/OVCWcfLibres/OVCFotoFachada.svc/RecuperarFotoFachadaGet?ReferenciaCatastral=1659301YJ2715H,jpeg,NotOfficial,grossFloorArea,10798,m2,1112.500000000000000,1133.263360530000000,1260.755488589625202,173.479955229932443,289.364227145123436,1635.215199995655666
254,ES.SDGC.BU.1659901YJ2715H,2020/12/18 00:00:00.000,functional,2007/01/01 00:00:00.000,2007/01/01 00:00:00.000, ,https://www1.sedecatastro.gob.es/CYCBienInmueble/OVCListaBienes.aspx?rc1=1659901&rc2=YJ2715H,1659901YJ2715H,1659901YJ2715H,ES.SDGC.BU,0.100000000000000,m,footPrint,1,1_residential,74,36, ,http://ovc.catastro.meh.es/OVCServWeb/OVCWcfLibres/OVCFotoFachada.svc/RecuperarFotoFachadaGet?ReferenciaCatastral=1659901YJ2715H,jpeg,NotOfficial,grossFloorArea,6622,m2,343.750000000000000,1027.071877220000033,353.055957794375047,48.580499792506004,194.966534799126265,894.694486376007490
255,ES.SDGC.BU.1659910YJ2715H,2020/12/18 00:00:00.000,functional,1976/01/01 00:00:00.000,1976/01/01 00:00:00.000, ,https://www1.sedecatastro.gob.es/CYCBienInmueble/OVCListaBienes.aspx?rc1=1659910&rc2=YJ2715H,1659910YJ2715H,1659910YJ2715H,ES.SDGC.BU,0.100000000000000,m,footPrint,1,1_residential,34,32, ,http://ovc.catastro.meh.es/OVCServWeb/OVCWcfLibres/OVCFotoFachada.svc/RecuperarFotoFachadaGet?ReferenciaCatastral=1659910YJ2715H,jpeg,NotOfficial,grossFloorArea,3675,m2,293.750000000000000,1117.214415209999970,328.181734467937474,45.157806662788197,115.650013092739414,721.921761201417553
256,ES.SDGC.BU.1659911YJ2715H,2020/12/18 00:00:00.000,functional,1921/01/01 00:00:00.000,2004/01/01 00:00:00.000, ,https://www1.sedecatastro.gob.es/CYCBienInmueble/OVCListaBienes.aspx?rc1=1659911&rc2=YJ2715H,1659911YJ2715H,1659911YJ2715H,ES.SDGC.BU,0.100000000000000,m,footPrint,1,1_residential,1,1, ,http://ovc.catastro.meh.es/OVCServWeb/OVCWcfLibres/OVCFotoFachada.svc/RecuperarFotoFachadaGet?ReferenciaCatastral=1659911YJ2715H,jpeg,NotOfficial,grossFloorArea,174,m2,18.750000000000000,970.365010579000000,18.194343948356252,2.503541727293821,75.230991009434547,176.229016179084510
257,ES.SDGC.BU.1659912YJ2715H,2020/12/18 00:00:00.000,functional,1975/01/01 00:00:00.000,1975/01/01 00:00:00.000, ,https://www1.sedecatastro.gob.es/CYCBienInmueble/OVCListaBienes.aspx?rc1=1659912&rc2=YJ2715H,1659912YJ2715H,1659912YJ2715H,ES.SDGC.BU,0.100000000000000,m,footPrint,1,1_residential,4,3, ,http://ovc.catastro.meh.es/OVCServWeb/OVCWcfLibres/OVCFotoFachada.svc/RecuperarFotoFachadaGet?ReferenciaCatastral=1659912YJ2715H,jpeg,NotOfficial,grossFloorArea,513,m2,12.500000000000000,1036.076171879999947,12.950952148499999,1.782051015633600,52.882505569445222,145.415283504595408
258,ES.SDGC.BU.1659913YJ2715H,2020/12/18 00:00:00.000,functional,1922/01/01 00:00:00.000,1922/01/01 00:00:00.000, ,https://www1.sedecatastro.gob.es/CYCBienInmueble/OVCListaBienes.aspx?rc1=1659913&rc2=YJ2715H,1659913YJ2715H,1659913YJ2715H,ES.SDGC.BU,0.100000000000000,m,footPrint,1,1_residential,1,1, ,http://ovc.catastro.meh.es/OVCServWeb/OVCWcfLibres/OVCFotoFachada.svc/RecuperarFotoFachadaGet?ReferenciaCatastral=1659913YJ2715H,jpeg,NotOfficial,grossFloorArea,62,m2,6.250000000000000,834.390380858999947,5.214939880368750,0.717575727538740,31.700976561408073,62.894650006120465
259,ES.SDGC.BU.1659914YJ2715H,2020/12/18 00:00:00.000,functional,1928/01/01 00:00:00.000,1928/01/01 00:00:00.000, ,https://www1.sedecatastro.gob.es/CYCBienInmueble/OVCListaBienes.aspx?rc1=1659914&rc2=YJ2715H,1659914YJ2715H,1659914YJ2715H,ES.SDGC.BU,0.100000000000000,m,footPrint,1,1_residential,1,1, ,http://ovc.catastro.meh.es/OVCServWeb/OVCWcfLibres/OVCFotoFachada.svc/RecuperarFotoFachadaGet?ReferenciaCatastral=1659914YJ2715H,jpeg,NotOfficial,grossFloorArea,109,m2,25.000000000000000,926.379806518999999,23.159495162974999,3.186746534425360,48.599543211682168,111.209927500151139
260,ES.SDGC.BU.1659918YJ2715H,2020/12/18 00:00:00.000,functional,1960/01/01 00:00:00.000,2000/01/01 00:00:00.000, ,https://www1.sedecatastro.gob.es/CYCBienInmueble/OVCListaBienes.aspx?rc1=1659918&rc2=YJ2715H,1659918YJ2715H,1659918YJ2715H,ES.SDGC.BU,0.100000000000000,m,footPrint,1,3_industrial,1,0, ,http://ovc.catastro.meh.es/OVCServWeb/OVCWcfLibres/OVCFotoFachada.svc/RecuperarFotoFachadaGet?ReferenciaCatastral=1659918YJ2715H,jpeg,NotOfficial,grossFloorArea,521,m2,50.000000000000000,960.277748107999969,48.013887405399998,6.606710906983040,94.045991633309796,387.432120091951049
261,ES.SDGC.BU.1659919YJ2715H,2020/12/18 00:00:00.000,functional,2008/01/01 00:00:00.000,2008/01/01 00:00:00.000, ,https://www1.sedecatastro.gob.es/CYCBienInmueble/OVCListaBienes.aspx?rc1=1659919&rc2=YJ2715H,1659919YJ2715H,1659919YJ2715H,ES.SDGC.BU,0.100000000000000,m,footPrint,1,1_residential,84,19, ,http://ovc.catastro.meh.es/OVCServWeb/OVCWcfLibres/OVCFotoFachada.svc/RecuperarFotoFachadaGet?ReferenciaCatastral=1659919YJ2715H,jpeg,NotOfficial,grossFloorArea,3999,m2,175.000000000000000,1094.822106500000018,191.593868637500009,26.363316324520000,99.388422582914956,456.008146193980394
262,ES.SDGC.BU.1659920YJ2715H,2020/12/18 00:00:00.000,functional,2009/01/01 00:00:00.000,2009/01/01 00:00:00.000, ,https://www1.sedecatastro.gob.es/CYCBienInmueble/OVCListaBienes.aspx?rc1=1659920&rc2=YJ2715H,1659920YJ2715H,1659920YJ2715H,ES.SDGC.BU,0.100000000000000,m,footPrint,1,1_residential,75,25, ,http://ovc.catastro.meh.es/OVCServWeb/OVCWcfLibres/OVCFotoFachada.svc/RecuperarFotoFachadaGet?ReferenciaCatastral=1659920YJ2715H,jpeg,NotOfficial,grossFloorArea,3960,m2,237.500000000000000,1126.888761819999900,267.636080932249968,36.826724736277590,127.634638206961313,506.411001770153689
263,ES.SDGC.BU.1659921YJ2715H,2020/12/18 00:00:00.000,functional,2010/01/01 00:00:00.000,2010/01/01 00:00:00.000, ,https://www1.sedecatastro.gob.es/CYCBienInmueble/OVCListaBienes.aspx?rc1=1659921&rc2=YJ2715H,1659921YJ2715H,1659921YJ2715H,ES.SDGC.BU,0.100000000000000,m,footPrint,1,1_residential,93,30, ,http://ovc.catastro.meh.es/OVCServWeb/OVCWcfLibres/OVCFotoFachada.svc/RecuperarFotoFachadaGet?ReferenciaCatastral=1659921YJ2715H,jpeg,NotOfficial,grossFloorArea,5358,m2,187.500000000000000,1042.294110110000020,195.430145645625004,26.891188040837999,168.561377237039267,768.761674920744099
264,ES.SDGC.BU.1661201YJ2716D,2020/12/18 00:00:00.000,functional,1930/01/01 00:00:00.000,1930/01/01 00:00:00.000, ,https://www1.sedecatastro.gob.es/CYCBienInmueble/OVCListaBienes.aspx?rc1=1661201&rc2=YJ2716D,1661201YJ2716D,1661201YJ2716D,ES.SDGC.BU,0.100000000000000,m,footPrint,1,3_industrial,1,0, ,http://ovc.catastro.meh.es/OVCServWeb/OVCWcfLibres/OVCFotoFachada.svc/RecuperarFotoFachadaGet?ReferenciaCatastral=1661201YJ2716D,jpeg,NotOfficial,grossFloorArea,102,m2,18.750000000000000,1126.666870120000112,21.125003814750002,2.906800524909600,102.225421878886976,101.719711011477202
265,ES.SDGC.BU.1661202YJ2716B,2020/12/18 00:00:00.000,functional,1928/01/01 00:00:00.000,1928/01/01 00:00:00.000, ,https://www1.sedecatastro.gob.es/CYCBienInmueble/OVCListaBienes.aspx?rc1=1661202&rc2=YJ2716B,1661202YJ2716B,1661202YJ2716B,ES.SDGC.BU,0.100000000000000,m,footPrint,1,1_residential,1,1, ,http://ovc.catastro.meh.es/OVCServWeb/OVCWcfLibres/OVCFotoFachada.svc/RecuperarFotoFachadaGet?ReferenciaCatastral=1661202YJ2716B,jpeg,NotOfficial,grossFloorArea,244,m2,75.000000000000000,1058.705886839999948,79.402941513000002,10.925844752188800,130.669038870120090,244.264675533432268
266,ES.SDGC.BU.1661203YJ2716B,2020/12/18 00:00:00.000,functional,2005/01/01 00:00:00.000,2005/01/01 00:00:00.000, ,https://www1.sedecatastro.gob.es/CYCBienInmueble/OVCListaBienes.aspx?rc1=1661203&rc2=YJ2716B,1661203YJ2716B,1661203YJ2716B,ES.SDGC.BU,0.100000000000000,m,footPrint,1,1_residential,1,1, ,http://ovc.catastro.meh.es/OVCServWeb/OVCWcfLibres/OVCFotoFachada.svc/RecuperarFotoFachadaGet?ReferenciaCatastral=1661203YJ2716B,jpeg,NotOfficial,grossFloorArea,171,m2,62.500000000000000,1091.679071040000053,68.229941940000003,9.388440010944000,41.436092550418437,87.736105504710238
267,ES.SDGC.BU.1661204YJ2716B,2020/12/18 00:00:00.000,functional,1948/01/01 00:00:00.000,2004/01/01 00:00:00.000, ,https://www1.sedecatastro.gob.es/CYCBienInmueble/OVCListaBienes.aspx?rc1=1661204&rc2=YJ2716B,1661204YJ2716B,1661204YJ2716B,ES.SDGC.BU,0.100000000000000,m,footPrint,1,1_residential,1,1, ,http://ovc.catastro.meh.es/OVCServWeb/OVCWcfLibres/OVCFotoFachada.svc/RecuperarFotoFachadaGet?ReferenciaCatastral=1661204YJ2716B,jpeg,NotOfficial,grossFloorArea,159,m2,56.250000000000000,1193.449428979999993,67.131530380125000,9.237298580305200,60.193671098996347,107.809418392938483
268,ES.SDGC.BU.1661205YJ2716B,2020/12/18 00:00:00.000,functional,1950/01/01 00:00:00.000,1950/01/01 00:00:00.000, ,https://www1.sedecatastro.gob.es/CYCBienInmueble/OVCListaBienes.aspx?rc1=1661205&rc2=YJ2716B,1661205YJ2716B,1661205YJ2716B,ES.SDGC.BU,0.100000000000000,m,footPrint,1,1_residential,1,1, ,http://ovc.catastro.meh.es/OVCServWeb/OVCWcfLibres/OVCFotoFachada.svc/RecuperarFotoFachadaGet?ReferenciaCatastral=1661205YJ2716B,jpeg,NotOfficial,grossFloorArea,156,m2,112.500000000000000,1201.845404729999927,135.207608032124995,18.604566865220399,74.309108252351834,156.865319130055610
269,ES.SDGC.BU.1661206YJ2716B,2020/12/18 00:00:00.000,functional,1960/01/01 00:00:00.000,1960/01/01 00:00:00.000, ,https://www1.sedecatastro.gob.es/CYCBienInmueble/OVCListaBienes.aspx?rc1=1661206&rc2=YJ2716B,1661206YJ2716B,1661206YJ2716B,ES.SDGC.BU,0.100000000000000,m,footPrint,1,1_residential,1,1, ,http://ovc.catastro.meh.es/OVCServWeb/OVCWcfLibres/OVCFotoFachada.svc/RecuperarFotoFachadaGet?ReferenciaCatastral=1661206YJ2716B,jpeg,NotOfficial,grossFloorArea,105,m2,81.250000000000000,1166.130756080000083,94.748123931500018,13.037341852974402,63.732043824096408,104.958700524205170
270,ES.SDGC.BU.1661207YJ2716B,2020/12/18 00:00:00.000,functional,1930/01/01 00:00:00.000,1930/01/01 00:00:00.000, ,https://www1.sedecatastro.gob.es/CYCBienInmueble/OVCListaBienes.aspx?rc1=1661207&rc2=YJ2716B,1661207YJ2716B,1661207YJ2716B,ES.SDGC.BU,0.100000000000000,m,footPrint,1,3_industrial,1,0, ,http://ovc.catastro.meh.es/OVCServWeb/OVCWcfLibres/OVCFotoFachada.svc/RecuperarFotoFachadaGet?ReferenciaCatastral=1661207YJ2716B,jpeg,NotOfficial,grossFloorArea,89,m2,31.250000000000000,1145.851049800000055,35.807845306250002,4.927159514140000,70.137390053610744,89.308872008415051
271,ES.SDGC.BU.1661208YJ2716B,2020/12/18 00:00:00.000,functional,2003/01/01 00:00:00.000,2003/01/01 00:00:00.000, ,https://www1.sedecatastro.gob.es/CYCBienInmueble/OVCListaBienes.aspx?rc1=1661208&rc2=YJ2716B,1661208YJ2716B,1661208YJ2716B,ES.SDGC.BU,0.100000000000000,m,footPrint,1,1_residential,19,16, ,http://ovc.catastro.meh.es/OVCServWeb/OVCWcfLibres/OVCFotoFachada.svc/RecuperarFotoFachadaGet?ReferenciaCatastral=1661208YJ2716B,jpeg,NotOfficial,grossFloorArea,3194,m2,568.750000000000000,1123.037381009999990,638.727510449437546,87.888905437842610,238.894294637846741,1002.687997142194035
272,ES.SDGC.BU.1661209YJ2716B,2020/12/18 00:00:00.000,declined,1926/01/01 00:00:00.000,1926/01/01 00:00:00.000, ,https://www1.sedecatastro.gob.es/CYCBienInmueble/OVCListaBienes.aspx?rc1=1661209&rc2=YJ2716B,1661209YJ2716B,1661209YJ2716B,ES.SDGC.BU,0.100000000000000,m,footPrint,1,1_residential,1,1, ,http://ovc.catastro.meh.es/OVCServWeb/OVCWcfLibres/OVCFotoFachada.svc/RecuperarFotoFachadaGet?ReferenciaCatastral=1661209YJ2716B,jpeg,NotOfficial,grossFloorArea,141,m2,68.750000000000000,1121.854225849999921,77.127478027187493,10.612740976540998,76.499986414669351,140.598378646454023
273,ES.SDGC.BU.1661210YJ2716B,2020/12/18 00:00:00.000,functional,1926/01/01 00:00:00.000,1926/01/01 00:00:00.000, ,https://www1.sedecatastro.gob.es/CYCBienInmueble/OVCListaBienes.aspx?rc1=1661210&rc2=YJ2716B,1661210YJ2716B,1661210YJ2716B,ES.SDGC.BU,0.100000000000000,m,footPrint,1,1_residential,1,1, ,http://ovc.catastro.meh.es/OVCServWeb/OVCWcfLibres/OVCFotoFachada.svc/RecuperarFotoFachadaGet?ReferenciaCatastral=1661210YJ2716B,jpeg,NotOfficial,grossFloorArea,111,m2,75.000000000000000,1180.183369950000042,88.513752746250006,12.179492377884001,45.311172391434305,110.724185988367552
274,ES.SDGC.BU.1661211YJ2716B,2020/12/18 00:00:00.000,functional,1930/01/01 00:00:00.000,1930/01/01 00:00:00.000, ,https://www1.sedecatastro.gob.es/CYCBienInmueble/OVCListaBienes.aspx?rc1=1661211&rc2=YJ2716B,1661211YJ2716B,1661211YJ2716B,ES.SDGC.BU,0.100000000000000,m,footPrint,1,1_residential,1,1, ,http://ovc.catastro.meh.es/OVCServWeb/OVCWcfLibres/OVCFotoFachada.svc/RecuperarFotoFachadaGet?ReferenciaCatastral=1661211YJ2716B,jpeg,NotOfficial,grossFloorArea,344,m2,93.750000000000000,1117.335156249999955,104.750170898437503,14.413623515625000,87.995570920352023,203.286422513756094
275,ES.SDGC.BU.1661212YJ2716B,2020/12/18 00:00:00.000,functional,1988/01/01 00:00:00.000,1988/01/01 00:00:00.000, ,https://www1.sedecatastro.gob.es/CYCBienInmueble/OVCListaBienes.aspx?rc1=1661212&rc2=YJ2716B,1661212YJ2716B,1661212YJ2716B,ES.SDGC.BU,0.100000000000000,m,footPrint,1,1_residential,3,3, ,http://ovc.catastro.meh.es/OVCServWeb/OVCWcfLibres/OVCFotoFachada.svc/RecuperarFotoFachadaGet?ReferenciaCatastral=1661212YJ2716B,jpeg,NotOfficial,grossFloorArea,558,m2,100.000000000000000,1200.506050109999933,120.050605010999988,16.518963249513600,58.161543133970845,185.978250495497861
276,ES.SDGC.BU.1661215YJ2716B,2020/12/18 00:00:00.000,functional,1988/01/01 00:00:00.000,1988/01/01 00:00:00.000, ,https://www1.sedecatastro.gob.es/CYCBienInmueble/OVCListaBienes.aspx?rc1=1661215&rc2=YJ2716B,1661215YJ2716B,1661215YJ2716B,ES.SDGC.BU,0.100000000000000,m,footPrint,1,1_residential,1,1, ,http://ovc.catastro.meh.es/OVCServWeb/OVCWcfLibres/OVCFotoFachada.svc/RecuperarFotoFachadaGet?ReferenciaCatastral=1661215YJ2716B,jpeg,NotOfficial,grossFloorArea,162,m2,18.750000000000000,1048.959757489999902,19.667995452937500,2.706316174324200,31.081829710106078,55.137010006844768
277,ES.SDGC.BU.1661216YJ2716B,2020/12/18 00:00:00.000,functional,1988/01/01 00:00:00.000,1988/01/01 00:00:00.000, ,https://www1.sedecatastro.gob.es/CYCBienInmueble/OVCListaBienes.aspx?rc1=1661216&rc2=YJ2716B,1661216YJ2716B,1661216YJ2716B,ES.SDGC.BU,0.100000000000000,m,footPrint,1,1_residential,1,1, ,http://ovc.catastro.meh.es/OVCServWeb/OVCWcfLibres/OVCFotoFachada.svc/RecuperarFotoFachadaGet?ReferenciaCatastral=1661216YJ2716B,jpeg,NotOfficial,grossFloorArea,165,m2,25.000000000000000,1198.101104739999982,29.952527618500000,4.121467800305600,31.094196079730953,55.136354004252979
278,ES.SDGC.BU.1661217YJ2716B,2020/12/18 00:00:00.000,functional,1988/01/01 00:00:00.000,1988/01/01 00:00:00.000, ,https://www1.sedecatastro.gob.es/CYCBienInmueble/OVCListaBienes.aspx?rc1=1661217&rc2=YJ2716B,1661217YJ2716B,1661217YJ2716B,ES.SDGC.BU,0.100000000000000,m,footPrint,1,1_residential,1,1, ,http://ovc.catastro.meh.es/OVCServWeb/OVCWcfLibres/OVCFotoFachada.svc/RecuperarFotoFachadaGet?ReferenciaCatastral=1661217YJ2716B,jpeg,NotOfficial,grossFloorArea,164,m2,37.500000000000000,1171.383015950000072,43.926863098125004,6.044336362302001,30.905918602874873,54.149756998843252
279,ES.SDGC.BU.1661220YJ2716B,2020/12/18 00:00:00.000,functional,2002/01/01 00:00:00.000,2002/01/01 00:00:00.000, ,https://www1.sedecatastro.gob.es/CYCBienInmueble/OVCListaBienes.aspx?rc1=1661220&rc2=YJ2716B,1661220YJ2716B,1661220YJ2716B,ES.SDGC.BU,0.100000000000000,m,footPrint,1,1_residential,1,1, ,http://ovc.catastro.meh.es/OVCServWeb/OVCWcfLibres/OVCFotoFachada.svc/RecuperarFotoFachadaGet?ReferenciaCatastral=1661220YJ2716B,jpeg,NotOfficial,grossFloorArea,309,m2,100.000000000000000,1109.432994839999992,110.943299484000008,15.265798008998402,52.606954963566963,155.708452363553448
280,ES.SDGC.BU.1662501YJ2716B,2020/12/18 00:00:00.000,functional,1925/01/01 00:00:00.000,1925/01/01 00:00:00.000, ,https://www1.sedecatastro.gob.es/CYCBienInmueble/OVCListaBienes.aspx?rc1=1662501&rc2=YJ2716B,1662501YJ2716B,1662501YJ2716B,ES.SDGC.BU,0.100000000000000,m,footPrint,1,1_residential,1,1, ,http://ovc.catastro.meh.es/OVCServWeb/OVCWcfLibres/OVCFotoFachada.svc/RecuperarFotoFachadaGet?ReferenciaCatastral=1662501YJ2716B,jpeg,NotOfficial,grossFloorArea,432,m2,150.000000000000000,1186.515520729999935,177.977328109500007,24.489680347867203,177.667891888441460,449.060849987458994
281,ES.SDGC.BU.1662502YJ2716B,2020/12/18 00:00:00.000,functional,1958/01/01 00:00:00.000,1958/01/01 00:00:00.000, ,https://www1.sedecatastro.gob.es/CYCBienInmueble/OVCListaBienes.aspx?rc1=1662502&rc2=YJ2716B,1662502YJ2716B,1662502YJ2716B,ES.SDGC.BU,0.100000000000000,m,footPrint,1,1_residential,2,2, ,http://ovc.catastro.meh.es/OVCServWeb/OVCWcfLibres/OVCFotoFachada.svc/RecuperarFotoFachadaGet?ReferenciaCatastral=1662502YJ2716B,jpeg,NotOfficial,grossFloorArea,155,m2,56.250000000000000,1068.167982310000070,60.084449004937504,8.267620183079400,40.464802288595322,75.318034994882922
282,ES.SDGC.BU.1662504YJ2716B,2020/12/18 00:00:00.000,functional,1959/01/01 00:00:00.000,1959/01/01 00:00:00.000, ,https://www1.sedecatastro.gob.es/CYCBienInmueble/OVCListaBienes.aspx?rc1=1662504&rc2=YJ2716B,1662504YJ2716B,1662504YJ2716B,ES.SDGC.BU,0.100000000000000,m,footPrint,1,1_residential,2,2, ,http://ovc.catastro.meh.es/OVCServWeb/OVCWcfLibres/OVCFotoFachada.svc/RecuperarFotoFachadaGet?ReferenciaCatastral=1662504YJ2716B,jpeg,NotOfficial,grossFloorArea,165,m2,56.250000000000000,1094.135016550000046,61.545094680937503,8.468605028097000,51.931450180993245,89.967279998503187
283,ES.SDGC.BU.1662505YJ2716B,2022/03/10 00:00:00.000,functional,1943/01/01 00:00:00.000,2020/01/01 00:00:00.000, ,https://www1.sedecatastro.gob.es/CYCBienInmueble/OVCListaBienes.aspx?rc1=1662505&rc2=YJ2716B,1662505YJ2716B,1662505YJ2716B,ES.SDGC.BU,0.100000000000000,m,footPrint,1,1_residential,1,1, ,http://ovc.catastro.meh.es/OVCServWeb/OVCWcfLibres/OVCFotoFachada.svc/RecuperarFotoFachadaGet?ReferenciaCatastral=1662505YJ2716B,jpeg,NotOfficial,grossFloorArea,79,m2,43.750000000000000,1142.621320449999985,49.989682769687498,6.878580349109000,37.211732907088702,78.548943624815280
284,ES.SDGC.BU.1662506YJ2716B,2020/12/18 00:00:00.000,functional,1942/01/01 00:00:00.000,1942/01/01 00:00:00.000, ,https://www1.sedecatastro.gob.es/CYCBienInmueble/OVCListaBienes.aspx?rc1=1662506&rc2=YJ2716B,1662506YJ2716B,1662506YJ2716B,ES.SDGC.BU,0.100000000000000,m,footPrint,1,1_residential,1,0, ,http://ovc.catastro.meh.es/OVCServWeb/OVCWcfLibres/OVCFotoFachada.svc/RecuperarFotoFachadaGet?ReferenciaCatastral=1662506YJ2716B,jpeg,NotOfficial,grossFloorArea,37,m2,31.250000000000000,1115.655468749999955,34.864233398437499,4.797318515625000,28.863937019755920,36.845250009930695
285,ES.SDGC.BU.1662507YJ2716B,2020/12/18 00:00:00.000,functional,1971/01/01 00:00:00.000,1971/01/01 00:00:00.000, ,https://www1.sedecatastro.gob.es/CYCBienInmueble/OVCListaBienes.aspx?rc1=1662507&rc2=YJ2716B,1662507YJ2716B,1662507YJ2716B,ES.SDGC.BU,0.100000000000000,m,footPrint,1,1_residential,20,16, ,http://ovc.catastro.meh.es/OVCServWeb/OVCWcfLibres/OVCFotoFachada.svc/RecuperarFotoFachadaGet?ReferenciaCatastral=1662507YJ2716B,jpeg,NotOfficial,grossFloorArea,1355,m2,75.000000000000000,1133.609349569999949,85.020701217750002,11.698848487562401,85.281326284755494,299.795227828582085
286,ES.SDGC.BU.1662508YJ2716B,2020/12/18 00:00:00.000,functional,1948/01/01 00:00:00.000,1948/01/01 00:00:00.000, ,https://www1.sedecatastro.gob.es/CYCBienInmueble/OVCListaBienes.aspx?rc1=1662508&rc2=YJ2716B,1662508YJ2716B,1662508YJ2716B,ES.SDGC.BU,0.100000000000000,m,footPrint,1,1_residential,1,1, ,http://ovc.catastro.meh.es/OVCServWeb/OVCWcfLibres/OVCFotoFachada.svc/RecuperarFotoFachadaGet?ReferenciaCatastral=1662508YJ2716B,jpeg,NotOfficial,grossFloorArea,160,m2,62.500000000000000,989.598345946999984,61.849896621687499,8.510545775144200,55.958913778117697,135.573372503691871
287,ES.SDGC.BU.1662509YJ2716B,2020/12/18 00:00:00.000,functional,1942/01/01 00:00:00.000,1942/01/01 00:00:00.000, ,https://www1.sedecatastro.gob.es/CYCBienInmueble/OVCListaBienes.aspx?rc1=1662509&rc2=YJ2716B,1662509YJ2716B,1662509YJ2716B,ES.SDGC.BU,0.100000000000000,m,footPrint,1,1_residential,3,3, ,http://ovc.catastro.meh.es/OVCServWeb/OVCWcfLibres/OVCFotoFachada.svc/RecuperarFotoFachadaGet?ReferenciaCatastral=1662509YJ2716B,jpeg,NotOfficial,grossFloorArea,213,m2,81.250000000000000,1177.818659860000025,95.697766113624994,13.168012617234799,53.263844429021979,106.640501501173873
288,ES.SDGC.BU.1662510YJ2716B,2020/12/18 00:00:00.000,functional,2006/01/01 00:00:00.000,2006/01/01 00:00:00.000, ,https://www1.sedecatastro.gob.es/CYCBienInmueble/OVCListaBienes.aspx?rc1=1662510&rc2=YJ2716B,1662510YJ2716B,1662510YJ2716B,ES.SDGC.BU,0.100000000000000,m,footPrint,1,1_residential,1,1, ,http://ovc.catastro.meh.es/OVCServWeb/OVCWcfLibres/OVCFotoFachada.svc/RecuperarFotoFachadaGet?ReferenciaCatastral=1662510YJ2716B,jpeg,NotOfficial,grossFloorArea,193,m2,6.250000000000000,1217.515136720000100,7.609469604500001,1.047063017579200,51.708258621104150,95.112584123086563
289,ES.SDGC.BU.1662511YJ2716B,2020/12/18 00:00:00.000,functional,1949/01/01 00:00:00.000,1949/01/01 00:00:00.000, ,https://www1.sedecatastro.gob.es/CYCBienInmueble/OVCListaBienes.aspx?rc1=1662511&rc2=YJ2716B,1662511YJ2716B,1662511YJ2716B,ES.SDGC.BU,0.100000000000000,m,footPrint,1,1_residential,1,1, ,http://ovc.catastro.meh.es/OVCServWeb/OVCWcfLibres/OVCFotoFachada.svc/RecuperarFotoFachadaGet?ReferenciaCatastral=1662511YJ2716B,jpeg,NotOfficial,grossFloorArea,69,m2,50.000000000000000,1206.305984500000022,60.315299225000004,8.299385173360001,40.954015656854892,62.644600006094763
290,ES.SDGC.BU.1662512YJ2716B,2020/12/18 00:00:00.000,functional,1961/01/01 00:00:00.000,1961/01/01 00:00:00.000, ,https://www1.sedecatastro.gob.es/CYCBienInmueble/OVCListaBienes.aspx?rc1=1662512&rc2=YJ2716B,1662512YJ2716B,1662512YJ2716B,ES.SDGC.BU,0.100000000000000,m,footPrint,1,1_residential,1,1, ,http://ovc.catastro.meh.es/OVCServWeb/OVCWcfLibres/OVCFotoFachada.svc/RecuperarFotoFachadaGet?ReferenciaCatastral=1662512YJ2716B,jpeg,NotOfficial,grossFloorArea,90,m2,50.000000000000000,1211.364517210000031,60.568225860500000,8.334187878404800,50.573178783885275,72.961699995118380
291,ES.SDGC.BU.1662513YJ2716D,2020/12/18 00:00:00.000,functional,1962/01/01 00:00:00.000,1962/01/01 00:00:00.000, ,https://www1.sedecatastro.gob.es/CYCBienInmueble/OVCListaBienes.aspx?rc1=1662513&rc2=YJ2716D,1662513YJ2716D,1662513YJ2716D,ES.SDGC.BU,0.100000000000000,m,footPrint,1,1_residential,1,1, ,http://ovc.catastro.meh.es/OVCServWeb/OVCWcfLibres/OVCFotoFachada.svc/RecuperarFotoFachadaGet?ReferenciaCatastral=1662513YJ2716D,jpeg,NotOfficial,grossFloorArea,102,m2,62.500000000000000,1127.546423340000047,70.471651458750003,9.696899240724001,38.710309308631807,80.690003501637250
292,ES.SDGC.BU.1662514YJ2716D,2020/12/18 00:00:00.000,functional,1997/01/01 00:00:00.000,1997/01/01 00:00:00.000, ,https://www1.sedecatastro.gob.es/CYCBienInmueble/OVCListaBienes.aspx?rc1=1662514&rc2=YJ2716D,1662514YJ2716D,1662514YJ2716D,ES.SDGC.BU,0.100000000000000,m,footPrint,1,1_residential,1,1, ,http://ovc.catastro.meh.es/OVCServWeb/OVCWcfLibres/OVCFotoFachada.svc/RecuperarFotoFachadaGet?ReferenciaCatastral=1662514YJ2716D,jpeg,NotOfficial,grossFloorArea,110,m2,31.250000000000000,1079.000354000000016,33.718761062500000,4.639701522200000,30.245268860737415,55.293655867534540
293,ES.SDGC.BU.1662515YJ2716D,2020/12/18 00:00:00.000,functional,1950/01/01 00:00:00.000,1950/01/01 00:00:00.000, ,https://www1.sedecatastro.gob.es/CYCBienInmueble/OVCListaBienes.aspx?rc1=1662515&rc2=YJ2716D,1662515YJ2716D,1662515YJ2716D,ES.SDGC.BU,0.100000000000000,m,footPrint,1,1_residential,1,1, ,http://ovc.catastro.meh.es/OVCServWeb/OVCWcfLibres/OVCFotoFachada.svc/RecuperarFotoFachadaGet?ReferenciaCatastral=1662515YJ2716D,jpeg,NotOfficial,grossFloorArea,52,m2,12.500000000000000,1060.250976560000026,13.253137207000000,1.823631679683200,38.310501153788742,52.928461007259450
294,ES.SDGC.BU.1662517YJ2716D,2020/12/18 00:00:00.000,functional,1951/01/01 00:00:00.000,1951/01/01 00:00:00.000, ,https://www1.sedecatastro.gob.es/CYCBienInmueble/OVCListaBienes.aspx?rc1=1662517&rc2=YJ2716D,1662517YJ2716D,1662517YJ2716D,ES.SDGC.BU,0.100000000000000,m,footPrint,1,1_residential,1,1, ,http://ovc.catastro.meh.es/OVCServWeb/OVCWcfLibres/OVCFotoFachada.svc/RecuperarFotoFachadaGet?ReferenciaCatastral=1662517YJ2716D,jpeg,NotOfficial,grossFloorArea,53,m2,6.250000000000000,1240.436035160000074,7.752725219750000,1.066774990237600,41.089515310672489,53.203181998723224
295,ES.SDGC.BU.1662518YJ2716D,2020/12/18 00:00:00.000,functional,1948/01/01 00:00:00.000,2010/01/01 00:00:00.000, ,https://www1.sedecatastro.gob.es/CYCBienInmueble/OVCListaBienes.aspx?rc1=1662518&rc2=YJ2716D,1662518YJ2716D,1662518YJ2716D,ES.SDGC.BU,0.100000000000000,m,footPrint,1,1_residential,1,1, ,http://ovc.catastro.meh.es/OVCServWeb/OVCWcfLibres/OVCFotoFachada.svc/RecuperarFotoFachadaGet?ReferenciaCatastral=1662518YJ2716D,jpeg,NotOfficial,grossFloorArea,147,m2,56.250000000000000,1217.054117839999890,68.459294128499991,9.419998872081599,38.996774936449413,82.743175658875657
296,ES.SDGC.BU.1662519YJ2716D,2020/12/18 00:00:00.000,functional,1948/01/01 00:00:00.000,1948/01/01 00:00:00.000, ,https://www1.sedecatastro.gob.es/CYCBienInmueble/OVCListaBienes.aspx?rc1=1662519&rc2=YJ2716D,1662519YJ2716D,1662519YJ2716D,ES.SDGC.BU,0.100000000000000,m,footPrint,1,1_residential,1,1, ,http://ovc.catastro.meh.es/OVCServWeb/OVCWcfLibres/OVCFotoFachada.svc/RecuperarFotoFachadaGet?ReferenciaCatastral=1662519YJ2716D,jpeg,NotOfficial,grossFloorArea,76,m2,43.750000000000000,1139.037458150000020,49.832888794062498,6.857005498063000,52.134832633129392,76.562630838436263
297,ES.SDGC.BU.1662520YJ2716D,2020/12/18 00:00:00.000,functional,1948/01/01 00:00:00.000,2012/01/01 00:00:00.000, ,https://www1.sedecatastro.gob.es/CYCBienInmueble/OVCListaBienes.aspx?rc1=1662520&rc2=YJ2716D,1662520YJ2716D,1662520YJ2716D,ES.SDGC.BU,0.100000000000000,m,footPrint,1,1_residential,1,1, ,http://ovc.catastro.meh.es/OVCServWeb/OVCWcfLibres/OVCFotoFachada.svc/RecuperarFotoFachadaGet?ReferenciaCatastral=1662520YJ2716D,jpeg,NotOfficial,grossFloorArea,158,m2,50.000000000000000,1065.736267089999956,53.286813354499998,7.332265517579200,43.559167340760872,94.789105256125126
298,ES.SDGC.BU.1662521YJ2716D,2020/12/18 00:00:00.000,functional,1948/01/01 00:00:00.000,1948/01/01 00:00:00.000, ,https://www1.sedecatastro.gob.es/CYCBienInmueble/OVCListaBienes.aspx?rc1=1662521&rc2=YJ2716D,1662521YJ2716D,1662521YJ2716D,ES.SDGC.BU,0.100000000000000,m,footPrint,1,1_residential,1,1, ,http://ovc.catastro.meh.es/OVCServWeb/OVCWcfLibres/OVCFotoFachada.svc/RecuperarFotoFachadaGet?ReferenciaCatastral=1662521YJ2716D,jpeg,NotOfficial,grossFloorArea,93,m2,68.750000000000000,1125.509615810000014,77.378786086937495,10.647320965562599,55.894553991286514,92.414963002023839
299,ES.SDGC.BU.1662522YJ2716D,2020/12/18 00:00:00.000,functional,2006/01/01 00:00:00.000,2006/01/01 00:00:00.000, ,https://www1.sedecatastro.gob.es/CYCBienInmueble/OVCListaBienes.aspx?rc1=1662522&rc2=YJ2716D,1662522YJ2716D,1662522YJ2716D,ES.SDGC.BU,0.100000000000000,m,footPrint,1,1_residential,1,1, ,http://ovc.catastro.meh.es/OVCServWeb/OVCWcfLibres/OVCFotoFachada.svc/RecuperarFotoFachadaGet?ReferenciaCatastral=1662522YJ2716D,jpeg,NotOfficial,grossFloorArea,181,m2,56.250000000000000,1067.254367400000092,60.033058166250001,8.260548803675999,46.387675616910684,99.404143003035770
300,ES.SDGC.BU.1662523YJ2716B,2020/12/18 00:00:00.000,functional,1957/01/01 00:00:00.000,1957/01/01 00:00:00.000, ,https://www1.sedecatastro.gob.es/CYCBienInmueble/OVCListaBienes.aspx?rc1=1662523&rc2=YJ2716B,1662523YJ2716B,1662523YJ2716B,ES.SDGC.BU,0.100000000000000,m,footPrint,1,1_residential,2,2, ,http://ovc.catastro.meh.es/OVCServWeb/OVCWcfLibres/OVCFotoFachada.svc/RecuperarFotoFachadaGet?ReferenciaCatastral=1662523YJ2716B,jpeg,NotOfficial,grossFloorArea,148,m2,50.000000000000000,1178.124694820000059,58.906234740999999,8.105497900361600,52.162150606311023,84.642086011319321
301,ES.SDGC.BU.1662526YJ2716B,2020/12/18 00:00:00.000,functional,2011/01/01 00:00:00.000,2011/01/01 00:00:00.000, ,https://www1.sedecatastro.gob.es/CYCBienInmueble/OVCListaBienes.aspx?rc1=1662526&rc2=YJ2716B,1662526YJ2716B,1662526YJ2716B,ES.SDGC.BU,0.100000000000000,m,footPrint,1,1_residential,1,1, ,http://ovc.catastro.meh.es/OVCServWeb/OVCWcfLibres/OVCFotoFachada.svc/RecuperarFotoFachadaGet?ReferenciaCatastral=1662526YJ2716B,jpeg,NotOfficial,grossFloorArea,313,m2,62.500000000000000,977.390063477000012,61.086878967312501,8.405554545902200,61.141493014495452,169.996335178300967
302,ES.SDGC.BU.1662527YJ2716B,2020/12/18 00:00:00.000,functional,1998/01/01 00:00:00.000,2008/01/01 00:00:00.000, ,https://www1.sedecatastro.gob.es/CYCBienInmueble/OVCListaBienes.aspx?rc1=1662527&rc2=YJ2716B,1662527YJ2716B,1662527YJ2716B,ES.SDGC.BU,0.100000000000000,m,footPrint,1,1_residential,1,1, ,http://ovc.catastro.meh.es/OVCServWeb/OVCWcfLibres/OVCFotoFachada.svc/RecuperarFotoFachadaGet?ReferenciaCatastral=1662527YJ2716B,jpeg,NotOfficial,grossFloorArea,327,m2,68.750000000000000,1259.956420900000012,86.622003936875004,11.919187741714000,71.703982177809223,150.034920366145229
303,ES.SDGC.BU.1662528YJ2716B,2020/12/18 00:00:00.000,functional,1930/01/01 00:00:00.000,1930/01/01 00:00:00.000, ,https://www1.sedecatastro.gob.es/CYCBienInmueble/OVCListaBienes.aspx?rc1=1662528&rc2=YJ2716B,1662528YJ2716B,1662528YJ2716B,ES.SDGC.BU,0.100000000000000,m,footPrint,1,1_residential,1,1, ,http://ovc.catastro.meh.es/OVCServWeb/OVCWcfLibres/OVCFotoFachada.svc/RecuperarFotoFachadaGet?ReferenciaCatastral=1662528YJ2716B,jpeg,NotOfficial,grossFloorArea,106,m2,37.500000000000000,1128.664215089999971,42.324908065874993,5.823907349864399,50.883364483086226,105.403902494447394
304,ES.SDGC.BU.1662529YJ2716B,2020/12/18 00:00:00.000,functional,1930/01/01 00:00:00.000,1930/01/01 00:00:00.000, ,https://www1.sedecatastro.gob.es/CYCBienInmueble/OVCListaBienes.aspx?rc1=1662529&rc2=YJ2716B,1662529YJ2716B,1662529YJ2716B,ES.SDGC.BU,0.100000000000000,m,footPrint,1,1_residential,2,2, ,http://ovc.catastro.meh.es/OVCServWeb/OVCWcfLibres/OVCFotoFachada.svc/RecuperarFotoFachadaGet?ReferenciaCatastral=1662529YJ2716B,jpeg,NotOfficial,grossFloorArea,173,m2,62.500000000000000,1079.072973629999979,67.442060851874999,9.280027573218000,45.464445319824165,101.547055011046993
305,ES.SDGC.BU.1662530YJ2716B,2020/12/18 00:00:00.000,functional,1927/01/01 00:00:00.000,1930/01/01 00:00:00.000, ,https://www1.sedecatastro.gob.es/CYCBienInmueble/OVCListaBienes.aspx?rc1=1662530&rc2=YJ2716B,1662530YJ2716B,1662530YJ2716B,ES.SDGC.BU,0.100000000000000,m,footPrint,1,1_residential,1,0, ,http://ovc.catastro.meh.es/OVCServWeb/OVCWcfLibres/OVCFotoFachada.svc/RecuperarFotoFachadaGet?ReferenciaCatastral=1662530YJ2716B,jpeg,NotOfficial,grossFloorArea,151,m2,106.250000000000000,1205.199900909999997,128.052489471687494,17.620022551304199,83.616122793389707,150.757102487582529
306,ES.SDGC.BU.1662531YJ2716B,2020/12/18 00:00:00.000,functional,1942/01/01 00:00:00.000,1942/01/01 00:00:00.000, ,https://www1.sedecatastro.gob.es/CYCBienInmueble/OVCListaBienes.aspx?rc1=1662531&rc2=YJ2716B,1662531YJ2716B,1662531YJ2716B,ES.SDGC.BU,0.100000000000000,m,footPrint,1,1_residential,1,1, ,http://ovc.catastro.meh.es/OVCServWeb/OVCWcfLibres/OVCFotoFachada.svc/RecuperarFotoFachadaGet?ReferenciaCatastral=1662531YJ2716B,jpeg,NotOfficial,grossFloorArea,128,m2,75.000000000000000,1160.854883830000063,87.064116287250002,11.980022401125600,64.273149419079033,127.659450003004821
307,ES.SDGC.BU.1662532YJ2716B,2020/12/18 00:00:00.000,functional,2006/01/01 00:00:00.000,2006/01/01 00:00:00.000, ,https://www1.sedecatastro.gob.es/CYCBienInmueble/OVCListaBienes.aspx?rc1=1662532&rc2=YJ2716B,1662532YJ2716B,1662532YJ2716B,ES.SDGC.BU,0.100000000000000,m,footPrint,1,1_residential,1,1, ,http://ovc.catastro.meh.es/OVCServWeb/OVCWcfLibres/OVCFotoFachada.svc/RecuperarFotoFachadaGet?ReferenciaCatastral=1662532YJ2716B,jpeg,NotOfficial,grossFloorArea,272,m2,93.750000000000000,1138.035058590000062,106.690786742812506,14.680652255811001,52.504053111162428,141.504480599310455
308,ES.SDGC.BU.1663101YJ2716D,2020/12/18 00:00:00.000,functional,1889/01/01 00:00:00.000,1889/01/01 00:00:00.000, ,https://www1.sedecatastro.gob.es/CYCBienInmueble/OVCListaBienes.aspx?rc1=1663101&rc2=YJ2716D,1663101YJ2716D,1663101YJ2716D,ES.SDGC.BU,0.100000000000000,m,footPrint,1,3_industrial,1,0, ,http://ovc.catastro.meh.es/OVCServWeb/OVCWcfLibres/OVCFotoFachada.svc/RecuperarFotoFachadaGet?ReferenciaCatastral=1663101YJ2716D,jpeg,NotOfficial,grossFloorArea,1098,m2,212.500000000000000,1221.493131749999975,259.567290496874989,35.716459172370001,300.390097738386942,71.385309823610640
309,ES.SDGC.BU.1663702YJ2716D,2021/07/20 00:00:00.000,functional,1930/01/01 00:00:00.000,1930/01/01 00:00:00.000, ,https://www1.sedecatastro.gob.es/CYCBienInmueble/OVCListaBienes.aspx?rc1=1663702&rc2=YJ2716D,1663702YJ2716D,1663702YJ2716D,ES.SDGC.BU,0.100000000000000,m,footPrint,1,1_residential,1,1, ,http://ovc.catastro.meh.es/OVCServWeb/OVCWcfLibres/OVCFotoFachada.svc/RecuperarFotoFachadaGet?ReferenciaCatastral=1663702YJ2716D,jpeg,NotOfficial,grossFloorArea,86,m2,43.750000000000000,1152.337977820000106,50.414786529625005,6.937074626476401,48.114384927211184,75.064700002732877
310,ES.SDGC.BU.1663703YJ2716D,2021/07/20 00:00:00.000,functional,1930/01/01 00:00:00.000,1930/01/01 00:00:00.000, ,https://www1.sedecatastro.gob.es/CYCBienInmueble/OVCListaBienes.aspx?rc1=1663703&rc2=YJ2716D,1663703YJ2716D,1663703YJ2716D,ES.SDGC.BU,0.100000000000000,m,footPrint,1,1_residential,1,1, ,http://ovc.catastro.meh.es/OVCServWeb/OVCWcfLibres/OVCFotoFachada.svc/RecuperarFotoFachadaGet?ReferenciaCatastral=1663703YJ2716D,jpeg,NotOfficial,grossFloorArea,73,m2,25.000000000000000,1154.925689700000021,28.873142242500002,3.972944372568000,48.973156768425298,72.945800003321651
311,ES.SDGC.BU.1663704YJ2716D,2021/07/20 00:00:00.000,functional,1930/01/01 00:00:00.000,1930/01/01 00:00:00.000, ,https://www1.sedecatastro.gob.es/CYCBienInmueble/OVCListaBienes.aspx?rc1=1663704&rc2=YJ2716D,1663704YJ2716D,1663704YJ2716D,ES.SDGC.BU,0.100000000000000,m,footPrint,1,1_residential,1,1, ,http://ovc.catastro.meh.es/OVCServWeb/OVCWcfLibres/OVCFotoFachada.svc/RecuperarFotoFachadaGet?ReferenciaCatastral=1663704YJ2716D,jpeg,NotOfficial,grossFloorArea,140,m2,112.500000000000000,1192.060438369999929,134.106799316625001,18.453095585967603,59.700737387737824,113.384149999241714
312,ES.SDGC.BU.1663705YJ2716D,2021/07/20 00:00:00.000,functional,1928/01/01 00:00:00.000,1928/01/01 00:00:00.000, ,https://www1.sedecatastro.gob.es/CYCBienInmueble/OVCListaBienes.aspx?rc1=1663705&rc2=YJ2716D,1663705YJ2716D,1663705YJ2716D,ES.SDGC.BU,0.100000000000000,m,footPrint,1,1_residential,1,1, ,http://ovc.catastro.meh.es/OVCServWeb/OVCWcfLibres/OVCFotoFachada.svc/RecuperarFotoFachadaGet?ReferenciaCatastral=1663705YJ2716D,jpeg,NotOfficial,grossFloorArea,111,m2,106.250000000000000,1241.622939170000109,131.922437286812510,18.152527370665403,61.126271549416025,110.971249991385264
313,ES.SDGC.BU.1663706YJ2716D,2021/07/20 00:00:00.000,functional,1926/01/01 00:00:00.000,1926/01/01 00:00:00.000, ,https://www1.sedecatastro.gob.es/CYCBienInmueble/OVCListaBienes.aspx?rc1=1663706&rc2=YJ2716D,1663706YJ2716D,1663706YJ2716D,ES.SDGC.BU,0.100000000000000,m,footPrint,1,1_residential,1,1, ,http://ovc.catastro.meh.es/OVCServWeb/OVCWcfLibres/OVCFotoFachada.svc/RecuperarFotoFachadaGet?ReferenciaCatastral=1663706YJ2716D,jpeg,NotOfficial,grossFloorArea,126,m2,62.500000000000000,1202.151733400000012,75.134483337500001,10.338504907240001,62.174963683800243,110.268500005915769
314,ES.SDGC.BU.1663707YJ2716D,2021/07/20 00:00:00.000,functional,1926/01/01 00:00:00.000,1926/01/01 00:00:00.000, ,https://www1.sedecatastro.gob.es/CYCBienInmueble/OVCListaBienes.aspx?rc1=1663707&rc2=YJ2716D,1663707YJ2716D,1663707YJ2716D,ES.SDGC.BU,0.100000000000000,m,footPrint,1,1_residential,1,1, ,http://ovc.catastro.meh.es/OVCServWeb/OVCWcfLibres/OVCFotoFachada.svc/RecuperarFotoFachadaGet?ReferenciaCatastral=1663707YJ2716D,jpeg,NotOfficial,grossFloorArea,74,m2,25.000000000000000,1095.504898070000081,27.387622451750001,3.768536849360800,39.905184051909671,74.224899994742501
315,ES.SDGC.BU.1663708YJ2716D,2021/07/20 00:00:00.000,functional,1926/01/01 00:00:00.000,1926/01/01 00:00:00.000, ,https://www1.sedecatastro.gob.es/CYCBienInmueble/OVCListaBienes.aspx?rc1=1663708&rc2=YJ2716D,1663708YJ2716D,1663708YJ2716D,ES.SDGC.BU,0.100000000000000,m,footPrint,1,1_residential,1,1, ,http://ovc.catastro.meh.es/OVCServWeb/OVCWcfLibres/OVCFotoFachada.svc/RecuperarFotoFachadaGet?ReferenciaCatastral=1663708YJ2716D,jpeg,NotOfficial,grossFloorArea,92,m2,43.750000000000000,1125.198425289999932,49.227431106437500,6.773694520245800,52.163104893728388,84.634500007412385
316,ES.SDGC.BU.1663709YJ2716D,2021/07/20 00:00:00.000,functional,1920/01/01 00:00:00.000,1920/01/01 00:00:00.000, ,https://www1.sedecatastro.gob.es/CYCBienInmueble/OVCListaBienes.aspx?rc1=1663709&rc2=YJ2716D,1663709YJ2716D,1663709YJ2716D,ES.SDGC.BU,0.100000000000000,m,footPrint,1,3_industrial,1,0, ,http://ovc.catastro.meh.es/OVCServWeb/OVCWcfLibres/OVCFotoFachada.svc/RecuperarFotoFachadaGet?ReferenciaCatastral=1663709YJ2716D,jpeg,NotOfficial,grossFloorArea,51,m2,6.250000000000000,1309.155029300000024,8.182218933125000,1.125873325198000,43.490298817871739,50.546500000235625
317,ES.SDGC.BU.1663710YJ2716D,2021/07/20 00:00:00.000,functional,1930/01/01 00:00:00.000,1930/01/01 00:00:00.000, ,https://www1.sedecatastro.gob.es/CYCBienInmueble/OVCListaBienes.aspx?rc1=1663710&rc2=YJ2716D,1663710YJ2716D,1663710YJ2716D,ES.SDGC.BU,0.100000000000000,m,footPrint,1,3_industrial,1,0, ,http://ovc.catastro.meh.es/OVCServWeb/OVCWcfLibres/OVCFotoFachada.svc/RecuperarFotoFachadaGet?ReferenciaCatastral=1663710YJ2716D,jpeg,NotOfficial,grossFloorArea,99,m2,12.500000000000000,1241.858886720000100,15.523236084000002,2.135997285158400,46.133934527747009,98.748799990866146
318,ES.SDGC.BU.1663711YJ2716D,2021/07/20 00:00:00.000,functional,1980/01/01 00:00:00.000,1980/01/01 00:00:00.000, ,https://www1.sedecatastro.gob.es/CYCBienInmueble/OVCListaBienes.aspx?rc1=1663711&rc2=YJ2716D,1663711YJ2716D,1663711YJ2716D,ES.SDGC.BU,0.100000000000000,m,footPrint,1,3_industrial,1,0, ,http://ovc.catastro.meh.es/OVCServWeb/OVCWcfLibres/OVCFotoFachada.svc/RecuperarFotoFachadaGet?ReferenciaCatastral=1663711YJ2716D,jpeg,NotOfficial,grossFloorArea,136,m2,50.000000000000000,1206.373176569999941,60.318658828499998,8.299847454801601,48.031822543467328,119.452550000528618
319,ES.SDGC.BU.1753201YJ2715D,2001/11/19 00:00:00.000,functional,1973/01/01 00:00:00.000,1973/01/01 00:00:00.000, ,https://www1.sedecatastro.gob.es/CYCBienInmueble/OVCListaBienes.aspx?rc1=1753201&rc2=YJ2715D,1753201YJ2715D,1753201YJ2715D,ES.SDGC.BU,0.100000000000000,m,footPrint,1,1_residential,20,16, ,http://ovc.catastro.meh.es/OVCServWeb/OVCWcfLibres/OVCFotoFachada.svc/RecuperarFotoFachadaGet?ReferenciaCatastral=1753201YJ2715D,jpeg,NotOfficial,grossFloorArea,1759,m2,237.500000000000000,1154.372165080000059,274.163389206500028,37.724882354814405,81.140904982503898,393.633652612764536
320,ES.SDGC.BU.1755505YJ2715F,2020/10/29 00:00:00.000,functional,1982/01/01 00:00:00.000,1982/01/01 00:00:00.000, ,https://www1.sedecatastro.gob.es/CYCBienInmueble/OVCListaBienes.aspx?rc1=1755505&rc2=YJ2715F,1755505YJ2715F,1755505YJ2715F,ES.SDGC.BU,0.100000000000000,m,footPrint,1,1_residential,35,35, ,http://ovc.catastro.meh.es/OVCServWeb/OVCWcfLibres/OVCFotoFachada.svc/RecuperarFotoFachadaGet?ReferenciaCatastral=1755505YJ2715F,jpeg,NotOfficial,grossFloorArea,5067,m2,412.500000000000000,1136.698665729999902,468.888199613624977,64.519016266834797,187.728297506537189,737.289104858846144
321,ES.SDGC.BU.1755506YJ2715F,2020/12/18 00:00:00.000,functional,1972/01/01 00:00:00.000,1972/01/01 00:00:00.000, ,https://www1.sedecatastro.gob.es/CYCBienInmueble/OVCListaBienes.aspx?rc1=1755506&rc2=YJ2715F,1755506YJ2715F,1755506YJ2715F,ES.SDGC.BU,0.100000000000000,m,footPrint,1,1_residential,21,20, ,http://ovc.catastro.meh.es/OVCServWeb/OVCWcfLibres/OVCFotoFachada.svc/RecuperarFotoFachadaGet?ReferenciaCatastral=1755506YJ2715F,jpeg,NotOfficial,grossFloorArea,1782,m2,243.750000000000000,1105.642989720000060,269.500478744250017,37.083265875208802,90.296067930573983,440.943263206431936
322,ES.SDGC.BU.1755507YJ2715F,2020/12/18 00:00:00.000,functional,1970/01/01 00:00:00.000,1970/01/01 00:00:00.000, ,https://www1.sedecatastro.gob.es/CYCBienInmueble/OVCListaBienes.aspx?rc1=1755507&rc2=YJ2715F,1755507YJ2715F,1755507YJ2715F,ES.SDGC.BU,0.100000000000000,m,footPrint,1,1_residential,21,20, ,http://ovc.catastro.meh.es/OVCServWeb/OVCWcfLibres/OVCFotoFachada.svc/RecuperarFotoFachadaGet?ReferenciaCatastral=1755507YJ2715F,jpeg,NotOfficial,grossFloorArea,1876,m2,337.500000000000000,1127.596641260000069,380.563866425250012,52.365588020114402,112.206073728625540,631.050571324577618
323,ES.SDGC.BU.1755508YJ2715F,2020/12/18 00:00:00.000,functional,1965/01/01 00:00:00.000,1965/01/01 00:00:00.000, ,https://www1.sedecatastro.gob.es/CYCBienInmueble/OVCListaBienes.aspx?rc1=1755508&rc2=YJ2715F,1755508YJ2715F,1755508YJ2715F,ES.SDGC.BU,0.100000000000000,m,footPrint,1,1_residential,12,12, ,http://ovc.catastro.meh.es/OVCServWeb/OVCWcfLibres/OVCFotoFachada.svc/RecuperarFotoFachadaGet?ReferenciaCatastral=1755508YJ2715F,jpeg,NotOfficial,grossFloorArea,819,m2,68.750000000000000,1091.680691810000098,75.053047561937504,10.327299344522601,50.017466002534739,140.243199581311899
324,ES.SDGC.BU.1755509YJ2715F,2020/12/18 00:00:00.000,functional,1960/01/01 00:00:00.000,1960/01/01 00:00:00.000, ,https://www1.sedecatastro.gob.es/CYCBienInmueble/OVCListaBienes.aspx?rc1=1755509&rc2=YJ2715F,1755509YJ2715F,1755509YJ2715F,ES.SDGC.BU,0.100000000000000,m,footPrint,1,1_residential,1,1, ,http://ovc.catastro.meh.es/OVCServWeb/OVCWcfLibres/OVCFotoFachada.svc/RecuperarFotoFachadaGet?ReferenciaCatastral=1755509YJ2715F,jpeg,NotOfficial,grossFloorArea,136,m2,18.750000000000000,1100.288411459999907,20.630407714874998,2.838744101566800,43.163620681247849,73.922372501420966
325,ES.SDGC.BU.1755510YJ2715F,2020/12/18 00:00:00.000,functional,1945/01/01 00:00:00.000,1945/01/01 00:00:00.000, ,https://www1.sedecatastro.gob.es/CYCBienInmueble/OVCListaBienes.aspx?rc1=1755510&rc2=YJ2715F,1755510YJ2715F,1755510YJ2715F,ES.SDGC.BU,0.100000000000000,m,footPrint,1,1_residential,2,2, ,http://ovc.catastro.meh.es/OVCServWeb/OVCWcfLibres/OVCFotoFachada.svc/RecuperarFotoFachadaGet?ReferenciaCatastral=1755510YJ2715F,jpeg,NotOfficial,grossFloorArea,165,m2,56.250000000000000,1107.417534720000049,62.292236328000008,8.571411718732801,54.111806695704971,86.304427465574037
326,ES.SDGC.BU.1755511YJ2715F,2020/12/18 00:00:00.000,functional,1968/01/01 00:00:00.000,1968/01/01 00:00:00.000, ,https://www1.sedecatastro.gob.es/CYCBienInmueble/OVCListaBienes.aspx?rc1=1755511&rc2=YJ2715F,1755511YJ2715F,1755511YJ2715F,ES.SDGC.BU,0.100000000000000,m,footPrint,1,1_residential,2,2, ,http://ovc.catastro.meh.es/OVCServWeb/OVCWcfLibres/OVCFotoFachada.svc/RecuperarFotoFachadaGet?ReferenciaCatastral=1755511YJ2715F,jpeg,NotOfficial,grossFloorArea,258,m2,81.250000000000000,1064.794302130000005,86.514537048062493,11.904400297813398,59.716365390909303,137.303781553342276
327,ES.SDGC.BU.1755512YJ2715D,2020/12/18 00:00:00.000,functional,1969/01/01 00:00:00.000,1969/01/01 00:00:00.000, ,https://www1.sedecatastro.gob.es/CYCBienInmueble/OVCListaBienes.aspx?rc1=1755512&rc2=YJ2715D,1755512YJ2715D,1755512YJ2715D,ES.SDGC.BU,0.100000000000000,m,footPrint,1,1_residential,13,10, ,http://ovc.catastro.meh.es/OVCServWeb/OVCWcfLibres/OVCFotoFachada.svc/RecuperarFotoFachadaGet?ReferenciaCatastral=1755512YJ2715D,jpeg,NotOfficial,grossFloorArea,892,m2,31.250000000000000,1059.731372069999907,33.116605377187497,4.556844899901000,67.104576651437725,179.989423229223235
328,ES.SDGC.BU.1755513YJ2715D,2020/12/18 00:00:00.000,functional,1962/01/01 00:00:00.000,2006/01/01 00:00:00.000, ,https://www1.sedecatastro.gob.es/CYCBienInmueble/OVCListaBienes.aspx?rc1=1755513&rc2=YJ2715D,1755513YJ2715D,1755513YJ2715D,ES.SDGC.BU,0.100000000000000,m,footPrint,1,1_residential,1,1, ,http://ovc.catastro.meh.es/OVCServWeb/OVCWcfLibres/OVCFotoFachada.svc/RecuperarFotoFachadaGet?ReferenciaCatastral=1755513YJ2715D,jpeg,NotOfficial,grossFloorArea,257,m2,62.500000000000000,1033.064300539999977,64.566518783749999,8.884352984644000,64.116334133531637,186.031291248339244
329,ES.SDGC.BU.1755514YJ2715D,2020/12/18 00:00:00.000,functional,1928/01/01 00:00:00.000,1928/01/01 00:00:00.000, ,https://www1.sedecatastro.gob.es/CYCBienInmueble/OVCListaBienes.aspx?rc1=1755514&rc2=YJ2715D,1755514YJ2715D,1755514YJ2715D,ES.SDGC.BU,0.100000000000000,m,footPrint,1,3_industrial,1,0, ,http://ovc.catastro.meh.es/OVCServWeb/OVCWcfLibres/OVCFotoFachada.svc/RecuperarFotoFachadaGet?ReferenciaCatastral=1755514YJ2715D,jpeg,NotOfficial,grossFloorArea,73,m2,56.250000000000000,1181.082424590000073,66.435886383187508,9.141577966326603,35.052979357960318,72.460884834394577
330,ES.SDGC.BU.1755515YJ2715D,2020/12/18 00:00:00.000,functional,1928/01/01 00:00:00.000,1928/01/01 00:00:00.000, ,https://www1.sedecatastro.gob.es/CYCBienInmueble/OVCListaBienes.aspx?rc1=1755515&rc2=YJ2715D,1755515YJ2715D,1755515YJ2715D,ES.SDGC.BU,0.100000000000000,m,footPrint,1,3_industrial,1,0, ,http://ovc.catastro.meh.es/OVCServWeb/OVCWcfLibres/OVCFotoFachada.svc/RecuperarFotoFachadaGet?ReferenciaCatastral=1755515YJ2715D,jpeg,NotOfficial,grossFloorArea,74,m2,68.750000000000000,1168.180419920000077,80.312403869500002,11.050986772443201,35.277997535938333,74.156344526058078
331,ES.SDGC.BU.1755516YJ2715D,2020/12/18 00:00:00.000,functional,1928/01/01 00:00:00.000,1928/01/01 00:00:00.000, ,https://www1.sedecatastro.gob.es/CYCBienInmueble/OVCListaBienes.aspx?rc1=1755516&rc2=YJ2715D,1755516YJ2715D,1755516YJ2715D,ES.SDGC.BU,0.100000000000000,m,footPrint,1,3_industrial,1,0, ,http://ovc.catastro.meh.es/OVCServWeb/OVCWcfLibres/OVCFotoFachada.svc/RecuperarFotoFachadaGet?ReferenciaCatastral=1755516YJ2715D,jpeg,NotOfficial,grossFloorArea,72,m2,75.000000000000000,1199.306152339999926,89.947961425499997,12.376839492148800,34.114698052357873,72.570598742288908
332,ES.SDGC.BU.1755517YJ2715D,2020/12/18 00:00:00.000,functional,1947/01/01 00:00:00.000,2000/01/01 00:00:00.000, ,https://www1.sedecatastro.gob.es/CYCBienInmueble/OVCListaBienes.aspx?rc1=1755517&rc2=YJ2715D,1755517YJ2715D,1755517YJ2715D,ES.SDGC.BU,0.100000000000000,m,footPrint,1,1_residential,1,1, ,http://ovc.catastro.meh.es/OVCServWeb/OVCWcfLibres/OVCFotoFachada.svc/RecuperarFotoFachadaGet?ReferenciaCatastral=1755517YJ2715D,jpeg,NotOfficial,grossFloorArea,139,m2,37.500000000000000,1101.872273760000098,41.320210266000004,5.685660932601601,32.851089296731537,64.011537917807416
333,ES.SDGC.BU.1755518YJ2715F,2020/12/18 00:00:00.000,functional,1953/01/01 00:00:00.000,1953/01/01 00:00:00.000, ,https://www1.sedecatastro.gob.es/CYCBienInmueble/OVCListaBienes.aspx?rc1=1755518&rc2=YJ2715F,1755518YJ2715F,1755518YJ2715F,ES.SDGC.BU,0.100000000000000,m,footPrint,1,1_residential,2,2, ,http://ovc.catastro.meh.es/OVCServWeb/OVCWcfLibres/OVCFotoFachada.svc/RecuperarFotoFachadaGet?ReferenciaCatastral=1755518YJ2715F,jpeg,NotOfficial,grossFloorArea,204,m2,87.500000000000000,1145.818433489999961,100.259112930374997,13.795653939219600,47.325954642034219,96.854060327451037
334,ES.SDGC.BU.1755519YJ2715F,2020/12/18 00:00:00.000,functional,1940/01/01 00:00:00.000,1940/01/01 00:00:00.000, ,https://www1.sedecatastro.gob.es/CYCBienInmueble/OVCListaBienes.aspx?rc1=1755519&rc2=YJ2715F,1755519YJ2715F,1755519YJ2715F,ES.SDGC.BU,0.100000000000000,m,footPrint,1,3_industrial,1,0, ,http://ovc.catastro.meh.es/OVCServWeb/OVCWcfLibres/OVCFotoFachada.svc/RecuperarFotoFachadaGet?ReferenciaCatastral=1755519YJ2715F,jpeg,NotOfficial,grossFloorArea,45,m2,25.000000000000000,1058.112274170000092,26.452806854250003,3.639906223144801,18.896713632443866,22.030855441948042
335,ES.SDGC.BU.1755521YJ2715D,2020/12/18 00:00:00.000,functional,1954/01/01 00:00:00.000,1954/01/01 00:00:00.000, ,https://www1.sedecatastro.gob.es/CYCBienInmueble/OVCListaBienes.aspx?rc1=1755521&rc2=YJ2715D,1755521YJ2715D,1755521YJ2715D,ES.SDGC.BU,0.100000000000000,m,footPrint,1,1_residential,2,2, ,http://ovc.catastro.meh.es/OVCServWeb/OVCWcfLibres/OVCFotoFachada.svc/RecuperarFotoFachadaGet?ReferenciaCatastral=1755521YJ2715D,jpeg,NotOfficial,grossFloorArea,251,m2,56.250000000000000,1122.047729489999938,63.115184783812495,8.684649426252600,66.459567478878327,118.233184005565732
336,ES.SDGC.BU.1755522YJ2715D,2020/12/18 00:00:00.000,functional,1954/01/01 00:00:00.000,1954/01/01 00:00:00.000, ,https://www1.sedecatastro.gob.es/CYCBienInmueble/OVCListaBienes.aspx?rc1=1755522&rc2=YJ2715D,1755522YJ2715D,1755522YJ2715D,ES.SDGC.BU,0.100000000000000,m,footPrint,1,1_residential,2,2, ,http://ovc.catastro.meh.es/OVCServWeb/OVCWcfLibres/OVCFotoFachada.svc/RecuperarFotoFachadaGet?ReferenciaCatastral=1755522YJ2715D,jpeg,NotOfficial,grossFloorArea,237,m2,68.750000000000000,1245.746637519999922,85.645081329500002,11.784763190939200,62.972085925345802,120.185598553931783
337,ES.SDGC.BU.1755523YJ2715D,2020/12/18 00:00:00.000,functional,1963/01/01 00:00:00.000,1963/01/01 00:00:00.000, ,https://www1.sedecatastro.gob.es/CYCBienInmueble/OVCListaBienes.aspx?rc1=1755523&rc2=YJ2715D,1755523YJ2715D,1755523YJ2715D,ES.SDGC.BU,0.100000000000000,m,footPrint,1,1_residential,1,1, ,http://ovc.catastro.meh.es/OVCServWeb/OVCWcfLibres/OVCFotoFachada.svc/RecuperarFotoFachadaGet?ReferenciaCatastral=1755523YJ2715D,jpeg,NotOfficial,grossFloorArea,210,m2,50.000000000000000,1090.232971189999944,54.511648559499996,7.500802841787199,59.962972690406147,106.816973039599347
338,ES.SDGC.BU.1755525YJ2715D,2020/12/18 00:00:00.000,functional,1921/01/01 00:00:00.000,1921/01/01 00:00:00.000, ,https://www1.sedecatastro.gob.es/CYCBienInmueble/OVCListaBienes.aspx?rc1=1755525&rc2=YJ2715D,1755525YJ2715D,1755525YJ2715D,ES.SDGC.BU,0.100000000000000,m,footPrint,1,1_residential,1,1, ,http://ovc.catastro.meh.es/OVCServWeb/OVCWcfLibres/OVCFotoFachada.svc/RecuperarFotoFachadaGet?ReferenciaCatastral=1755525YJ2715D,jpeg,NotOfficial,grossFloorArea,270,m2,168.750000000000000,1168.408081049999964,197.168863677187517,27.130435641981002,106.498504258185577,269.603281151819601
339,ES.SDGC.BU.1756201YJ2715F,2020/12/18 00:00:00.000,functional,2004/01/01 00:00:00.000,2004/01/01 00:00:00.000, ,https://www1.sedecatastro.gob.es/CYCBienInmueble/OVCListaBienes.aspx?rc1=1756201&rc2=YJ2715F,1756201YJ2715F,1756201YJ2715F,ES.SDGC.BU,0.100000000000000,m,footPrint,1,1_residential,217,87, ,http://ovc.catastro.meh.es/OVCServWeb/OVCWcfLibres/OVCFotoFachada.svc/RecuperarFotoFachadaGet?ReferenciaCatastral=1756201YJ2715F,jpeg,NotOfficial,grossFloorArea,18150,m2,1956.250000000000000,1105.724258180000106,2163.073080064625174,297.638855816892431,242.831667004330313,3719.897654623105154
340,ES.SDGC.BU.1757701YJ2715F,2020/12/18 00:00:00.000,functional,1999/01/01 00:00:00.000,1999/01/01 00:00:00.000, ,https://www1.sedecatastro.gob.es/CYCBienInmueble/OVCListaBienes.aspx?rc1=1757701&rc2=YJ2715F,1757701YJ2715F,1757701YJ2715F,ES.SDGC.BU,0.100000000000000,m,footPrint,1,1_residential,98,96, ,http://ovc.catastro.meh.es/OVCServWeb/OVCWcfLibres/OVCFotoFachada.svc/RecuperarFotoFachadaGet?ReferenciaCatastral=1757701YJ2715F,jpeg,NotOfficial,grossFloorArea,14121,m2,1281.250000000000000,1124.061614539999937,1440.203943629374862,198.172062643401972,420.264189594465620,2296.863249612061736
341,ES.SDGC.BU.1758101YJ2715H,2020/12/18 00:00:00.000,functional,1981/01/01 00:00:00.000,1981/01/01 00:00:00.000, ,https://www1.sedecatastro.gob.es/CYCBienInmueble/OVCListaBienes.aspx?rc1=1758101&rc2=YJ2715H,1758101YJ2715H,1758101YJ2715H,ES.SDGC.BU,0.100000000000000,m,footPrint,1,1_residential,17,14, ,http://ovc.catastro.meh.es/OVCServWeb/OVCWcfLibres/OVCFotoFachada.svc/RecuperarFotoFachadaGet?ReferenciaCatastral=1758101YJ2715H,jpeg,NotOfficial,grossFloorArea,2294,m2,187.500000000000000,1162.936861169999929,218.050661469375001,30.003771018186001,99.475095413539933,445.614272673150595
342,ES.SDGC.BU.1758102YJ2715H,2020/12/18 00:00:00.000,functional,1926/01/01 00:00:00.000,1926/01/01 00:00:00.000, ,https://www1.sedecatastro.gob.es/CYCBienInmueble/OVCListaBienes.aspx?rc1=1758102&rc2=YJ2715H,1758102YJ2715H,1758102YJ2715H,ES.SDGC.BU,0.100000000000000,m,footPrint,1,1_residential,1,1, ,http://ovc.catastro.meh.es/OVCServWeb/OVCWcfLibres/OVCFotoFachada.svc/RecuperarFotoFachadaGet?ReferenciaCatastral=1758102YJ2715H,jpeg,NotOfficial,grossFloorArea,102,m2,62.500000000000000,1021.095196529999953,63.818449783124997,8.781418690157999,52.815251854385963,101.445585470461140
343,ES.SDGC.BU.1758103YJ2715H,2020/12/18 00:00:00.000,functional,1925/01/01 00:00:00.000,1925/01/01 00:00:00.000, ,https://www1.sedecatastro.gob.es/CYCBienInmueble/OVCListaBienes.aspx?rc1=1758103&rc2=YJ2715H,1758103YJ2715H,1758103YJ2715H,ES.SDGC.BU,0.100000000000000,m,footPrint,1,1_residential,1,1, ,http://ovc.catastro.meh.es/OVCServWeb/OVCWcfLibres/OVCFotoFachada.svc/RecuperarFotoFachadaGet?ReferenciaCatastral=1758103YJ2715H,jpeg,NotOfficial,grossFloorArea,118,m2,56.250000000000000,1125.162278920000062,63.290378189250006,8.708756038840800,59.014886318307823,118.484306649763198
344,ES.SDGC.BU.1758119YJ2715H,2020/12/18 00:00:00.000,declined,1950/01/01 00:00:00.000,1950/01/01 00:00:00.000, ,https://www1.sedecatastro.gob.es/CYCBienInmueble/OVCListaBienes.aspx?rc1=1758119&rc2=YJ2715H,1758119YJ2715H,1758119YJ2715H,ES.SDGC.BU,0.100000000000000,m,footPrint,1,1_residential,1,0, ,http://ovc.catastro.meh.es/OVCServWeb/OVCWcfLibres/OVCFotoFachada.svc/RecuperarFotoFachadaGet?ReferenciaCatastral=1758119YJ2715H,jpeg,NotOfficial,grossFloorArea,95,m2,12.500000000000000,1029.468627929999911,12.868357849124999,1.770686040039600,47.549595571966393,95.216987460900597
345,ES.SDGC.BU.1758120YJ2715H,2020/12/18 00:00:00.000,functional,1961/01/01 00:00:00.000,1961/01/01 00:00:00.000, ,https://www1.sedecatastro.gob.es/CYCBienInmueble/OVCListaBienes.aspx?rc1=1758120&rc2=YJ2715H,1758120YJ2715H,1758120YJ2715H,ES.SDGC.BU,0.100000000000000,m,footPrint,1,1_residential,4,4, ,http://ovc.catastro.meh.es/OVCServWeb/OVCWcfLibres/OVCFotoFachada.svc/RecuperarFotoFachadaGet?ReferenciaCatastral=1758120YJ2715H,jpeg,NotOfficial,grossFloorArea,364,m2,25.000000000000000,1146.336944579999908,28.658423614499995,3.943399089355199,46.668169649249151,97.367609836734317
346,ES.SDGC.BU.1758122YJ2715H,2020/12/18 00:00:00.000,functional,1972/01/01 00:00:00.000,1972/01/01 00:00:00.000, ,https://www1.sedecatastro.gob.es/CYCBienInmueble/OVCListaBienes.aspx?rc1=1758122&rc2=YJ2715H,1758122YJ2715H,1758122YJ2715H,ES.SDGC.BU,0.100000000000000,m,footPrint,1,1_residential,9,8, ,http://ovc.catastro.meh.es/OVCServWeb/OVCWcfLibres/OVCFotoFachada.svc/RecuperarFotoFachadaGet?ReferenciaCatastral=1758122YJ2715H,jpeg,NotOfficial,grossFloorArea,753,m2,43.750000000000000,1104.267804829999932,48.311716461312500,6.647692185076600,58.556539839040447,162.559594784694042
347,ES.SDGC.BU.1758123YJ2715H,2020/10/23 00:00:00.000,functional,1947/01/01 00:00:00.000,1947/01/01 00:00:00.000, ,https://www1.sedecatastro.gob.es/CYCBienInmueble/OVCListaBienes.aspx?rc1=1758123&rc2=YJ2715H,1758123YJ2715H,1758123YJ2715H,ES.SDGC.BU,0.100000000000000,m,footPrint,1,1_residential,2,2, ,http://ovc.catastro.meh.es/OVCServWeb/OVCWcfLibres/OVCFotoFachada.svc/RecuperarFotoFachadaGet?ReferenciaCatastral=1758123YJ2715H,jpeg,NotOfficial,grossFloorArea,182,m2,43.750000000000000,1108.173043389999975,48.482570648312496,6.671201721207799,43.577952561870795,101.508556466858465
348,ES.SDGC.BU.1758124YJ2715H,2020/12/18 00:00:00.000,functional,1932/01/01 00:00:00.000,1932/01/01 00:00:00.000, ,https://www1.sedecatastro.gob.es/CYCBienInmueble/OVCListaBienes.aspx?rc1=1758124&rc2=YJ2715H,1758124YJ2715H,1758124YJ2715H,ES.SDGC.BU,0.100000000000000,m,footPrint,1,4_2_retail,1,0, ,http://ovc.catastro.meh.es/OVCServWeb/OVCWcfLibres/OVCFotoFachada.svc/RecuperarFotoFachadaGet?ReferenciaCatastral=1758124YJ2715H,jpeg,NotOfficial,grossFloorArea,192,m2,62.500000000000000,1011.724627690000034,63.232789230625002,8.700831798134001,59.882069448085275,111.116434343510150
349,ES.SDGC.BU.1758127YJ2715H,2020/12/18 00:00:00.000,functional,1982/01/01 00:00:00.000,1982/01/01 00:00:00.000, ,https://www1.sedecatastro.gob.es/CYCBienInmueble/OVCListaBienes.aspx?rc1=1758127&rc2=YJ2715H,1758127YJ2715H,1758127YJ2715H,ES.SDGC.BU,0.100000000000000,m,footPrint,1,1_residential,46,23, ,http://ovc.catastro.meh.es/OVCServWeb/OVCWcfLibres/OVCFotoFachada.svc/RecuperarFotoFachadaGet?ReferenciaCatastral=1758127YJ2715H,jpeg,NotOfficial,grossFloorArea,3953,m2,281.250000000000000,1092.940760630000113,307.389588927187560,42.296807436381009,109.204489476442959,672.708033295786777
350,ES.SDGC.BU.1758128YJ2715H,2020/12/18 00:00:00.000,functional,2003/01/01 00:00:00.000,2003/01/01 00:00:00.000, ,https://www1.sedecatastro.gob.es/CYCBienInmueble/OVCListaBienes.aspx?rc1=1758128&rc2=YJ2715H,1758128YJ2715H,1758128YJ2715H,ES.SDGC.BU,0.100000000000000,m,footPrint,1,1_residential,17,8, ,http://ovc.catastro.meh.es/OVCServWeb/OVCWcfLibres/OVCFotoFachada.svc/RecuperarFotoFachadaGet?ReferenciaCatastral=1758128YJ2715H,jpeg,NotOfficial,grossFloorArea,894,m2,68.750000000000000,1092.372619629999917,75.100617599562497,10.333844981699800,52.623478835601745,161.168048201678346
351,ES.SDGC.BU.1758130YJ2715H,2020/12/18 00:00:00.000,functional,1972/01/01 00:00:00.000,1972/01/01 00:00:00.000, ,https://www1.sedecatastro.gob.es/CYCBienInmueble/OVCListaBienes.aspx?rc1=1758130&rc2=YJ2715H,1758130YJ2715H,1758130YJ2715H,ES.SDGC.BU,0.100000000000000,m,footPrint,1,1_residential,10,8, ,http://ovc.catastro.meh.es/OVCServWeb/OVCWcfLibres/OVCFotoFachada.svc/RecuperarFotoFachadaGet?ReferenciaCatastral=1758130YJ2715H,jpeg,NotOfficial,grossFloorArea,846,m2,100.000000000000000,1025.084697719999895,102.508469771999984,14.105165440627198,58.607141423356666,173.503090937090406
352,ES.SDGC.BU.1758131YJ2715H,2020/10/23 00:00:00.000,functional,1975/01/01 00:00:00.000,1975/01/01 00:00:00.000, ,https://www1.sedecatastro.gob.es/CYCBienInmueble/OVCListaBienes.aspx?rc1=1758131&rc2=YJ2715H,1758131YJ2715H,1758131YJ2715H,ES.SDGC.BU,0.100000000000000,m,footPrint,1,1_residential,17,15, ,http://ovc.catastro.meh.es/OVCServWeb/OVCWcfLibres/OVCFotoFachada.svc/RecuperarFotoFachadaGet?ReferenciaCatastral=1758131YJ2715H,jpeg,NotOfficial,grossFloorArea,1908,m2,212.500000000000000,1099.945897719999948,233.738503265499986,32.162418049332800,107.686591226115553,511.916765822816501
353,ES.SDGC.BU.1758132YJ2715H,2020/12/18 00:00:00.000,functional,2003/01/01 00:00:00.000,2003/01/01 00:00:00.000, ,https://www1.sedecatastro.gob.es/CYCBienInmueble/OVCListaBienes.aspx?rc1=1758132&rc2=YJ2715H,1758132YJ2715H,1758132YJ2715H,ES.SDGC.BU,0.100000000000000,m,footPrint,1,1_residential,10,4, ,http://ovc.catastro.meh.es/OVCServWeb/OVCWcfLibres/OVCFotoFachada.svc/RecuperarFotoFachadaGet?ReferenciaCatastral=1758132YJ2715H,jpeg,NotOfficial,grossFloorArea,694,m2,100.000000000000000,1057.990646360000028,105.799064635999997,14.557951293913598,54.625375646123835,135.215128402779982
354,ES.SDGC.BU.1758134YJ2715H,2020/12/18 00:00:00.000,functional,1972/01/01 00:00:00.000,1972/01/01 00:00:00.000, ,https://www1.sedecatastro.gob.es/CYCBienInmueble/OVCListaBienes.aspx?rc1=1758134&rc2=YJ2715H,1758134YJ2715H,1758134YJ2715H,ES.SDGC.BU,0.100000000000000,m,footPrint,1,1_residential,1,0, ,http://ovc.catastro.meh.es/OVCServWeb/OVCWcfLibres/OVCFotoFachada.svc/RecuperarFotoFachadaGet?ReferenciaCatastral=1758134YJ2715H,jpeg,NotOfficial,grossFloorArea,204,m2,25.000000000000000,894.601852417000032,22.365046310425001,3.077430372314480,56.558395906172251,204.020481257436330
355,ES.SDGC.BU.1758135YJ2715H,2020/12/18 00:00:00.000,functional,2010/01/01 00:00:00.000,2010/01/01 00:00:00.000, ,https://www1.sedecatastro.gob.es/CYCBienInmueble/OVCListaBienes.aspx?rc1=1758135&rc2=YJ2715H,1758135YJ2715H,1758135YJ2715H,ES.SDGC.BU,0.100000000000000,m,footPrint,1,1_residential,20,8, ,http://ovc.catastro.meh.es/OVCServWeb/OVCWcfLibres/OVCFotoFachada.svc/RecuperarFotoFachadaGet?ReferenciaCatastral=1758135YJ2715H,jpeg,NotOfficial,grossFloorArea,1593,m2,81.250000000000000,1149.348402759999999,93.384557724250001,12.849715142856800,73.600075070154773,301.144012682824268
356,ES.SDGC.BU.1758301YJ2715H,2020/12/22 00:00:00.000,functional,1994/01/01 00:00:00.000,2010/01/01 00:00:00.000, ,https://www1.sedecatastro.gob.es/CYCBienInmueble/OVCListaBienes.aspx?rc1=1758301&rc2=YJ2715H,1758301YJ2715H,1758301YJ2715H,ES.SDGC.BU,0.100000000000000,m,footPrint,1,1_residential,1,1, ,http://ovc.catastro.meh.es/OVCServWeb/OVCWcfLibres/OVCFotoFachada.svc/RecuperarFotoFachadaGet?ReferenciaCatastral=1758301YJ2715H,jpeg,NotOfficial,grossFloorArea,315,m2,100.000000000000000,972.976116179999963,97.297611617999991,13.388151358636799,66.517083572684001,134.286403682353495
357,ES.SDGC.BU.1758302YJ2715H,2020/12/22 00:00:00.000,functional,1924/01/01 00:00:00.000,1924/01/01 00:00:00.000, ,https://www1.sedecatastro.gob.es/CYCBienInmueble/OVCListaBienes.aspx?rc1=1758302&rc2=YJ2715H,1758302YJ2715H,1758302YJ2715H,ES.SDGC.BU,0.100000000000000,m,footPrint,1,1_residential,1,1, ,http://ovc.catastro.meh.es/OVCServWeb/OVCWcfLibres/OVCFotoFachada.svc/RecuperarFotoFachadaGet?ReferenciaCatastral=1758302YJ2715H,jpeg,NotOfficial,grossFloorArea,160,m2,31.250000000000000,986.338208008000038,30.823069000250001,4.241254294434400,52.085113779550369,99.645551077936773
358,ES.SDGC.BU.1758303YJ2715H,2020/12/22 00:00:00.000,functional,1928/01/01 00:00:00.000,1928/01/01 00:00:00.000, ,https://www1.sedecatastro.gob.es/CYCBienInmueble/OVCListaBienes.aspx?rc1=1758303&rc2=YJ2715H,1758303YJ2715H,1758303YJ2715H,ES.SDGC.BU,0.100000000000000,m,footPrint,1,1_residential,1,1, ,http://ovc.catastro.meh.es/OVCServWeb/OVCWcfLibres/OVCFotoFachada.svc/RecuperarFotoFachadaGet?ReferenciaCatastral=1758303YJ2715H,jpeg,NotOfficial,grossFloorArea,181,m2,62.500000000000000,882.580255126999987,55.161265945437499,7.590190194092200,67.356406383044629,148.335649993474959
359,ES.SDGC.BU.1758304YJ2715H,2020/12/22 00:00:00.000,functional,1927/01/01 00:00:00.000,1927/01/01 00:00:00.000, ,https://www1.sedecatastro.gob.es/CYCBienInmueble/OVCListaBienes.aspx?rc1=1758304&rc2=YJ2715H,1758304YJ2715H,1758304YJ2715H,ES.SDGC.BU,0.100000000000000,m,footPrint,1,1_residential,1,1, ,http://ovc.catastro.meh.es/OVCServWeb/OVCWcfLibres/OVCFotoFachada.svc/RecuperarFotoFachadaGet?ReferenciaCatastral=1758304YJ2715H,jpeg,NotOfficial,grossFloorArea,72,m2,56.250000000000000,968.349765354000056,54.469674301162499,7.495027183839960,38.807756890906418,66.996550000820122
360,ES.SDGC.BU.1758305YJ2715H,2020/12/22 00:00:00.000,functional,1925/01/01 00:00:00.000,1925/01/01 00:00:00.000, ,https://www1.sedecatastro.gob.es/CYCBienInmueble/OVCListaBienes.aspx?rc1=1758305&rc2=YJ2715H,1758305YJ2715H,1758305YJ2715H,ES.SDGC.BU,0.100000000000000,m,footPrint,1,1_residential,1,1, ,http://ovc.catastro.meh.es/OVCServWeb/OVCWcfLibres/OVCFotoFachada.svc/RecuperarFotoFachadaGet?ReferenciaCatastral=1758305YJ2715H,jpeg,NotOfficial,grossFloorArea,96,m2,37.500000000000000,938.829193114999953,35.206094741812500,4.844358636473400,48.066177590727129,83.041023502832402
361,ES.SDGC.BU.1758306YJ2715H,2020/12/22 00:00:00.000,functional,1920/01/01 00:00:00.000,1920/01/01 00:00:00.000, ,https://www1.sedecatastro.gob.es/CYCBienInmueble/OVCListaBienes.aspx?rc1=1758306&rc2=YJ2715H,1758306YJ2715H,1758306YJ2715H,ES.SDGC.BU,0.100000000000000,m,footPrint,1,1_residential,1,1, ,http://ovc.catastro.meh.es/OVCServWeb/OVCWcfLibres/OVCFotoFachada.svc/RecuperarFotoFachadaGet?ReferenciaCatastral=1758306YJ2715H,jpeg,NotOfficial,grossFloorArea,101,m2,62.500000000000000,1023.050622559999965,63.940663909999998,8.798235354015999,68.359159491785320,101.455599994520284
362,ES.SDGC.BU.1758307YJ2715H,2020/12/22 00:00:00.000,functional,1920/01/01 00:00:00.000,1920/01/01 00:00:00.000, ,https://www1.sedecatastro.gob.es/CYCBienInmueble/OVCListaBienes.aspx?rc1=1758307&rc2=YJ2715H,1758307YJ2715H,1758307YJ2715H,ES.SDGC.BU,0.100000000000000,m,footPrint,1,1_residential,1,1, ,http://ovc.catastro.meh.es/OVCServWeb/OVCWcfLibres/OVCFotoFachada.svc/RecuperarFotoFachadaGet?ReferenciaCatastral=1758307YJ2715H,jpeg,NotOfficial,grossFloorArea,78,m2,31.250000000000000,1017.086560060000011,31.783955001875000,4.373472208258001,49.381731338341766,78.002262491451759
363,ES.SDGC.BU.1758308YJ2715H,2020/12/22 00:00:00.000,functional,1920/01/01 00:00:00.000,1920/01/01 00:00:00.000, ,https://www1.sedecatastro.gob.es/CYCBienInmueble/OVCListaBienes.aspx?rc1=1758308&rc2=YJ2715H,1758308YJ2715H,1758308YJ2715H,ES.SDGC.BU,0.100000000000000,m,footPrint,1,1_residential,1,1, ,http://ovc.catastro.meh.es/OVCServWeb/OVCWcfLibres/OVCFotoFachada.svc/RecuperarFotoFachadaGet?ReferenciaCatastral=1758308YJ2715H,jpeg,NotOfficial,grossFloorArea,57,m2,18.750000000000000,851.713460285999986,15.969627380362500,2.197420727537880,40.486590340933539,56.157407501810198
364,ES.SDGC.BU.1758309YJ2715H,2020/12/22 00:00:00.000,functional,1920/01/01 00:00:00.000,1920/01/01 00:00:00.000, ,https://www1.sedecatastro.gob.es/CYCBienInmueble/OVCListaBienes.aspx?rc1=1758309&rc2=YJ2715H,1758309YJ2715H,1758309YJ2715H,ES.SDGC.BU,0.100000000000000,m,footPrint,1,4_2_retail,1,0, ,http://ovc.catastro.meh.es/OVCServWeb/OVCWcfLibres/OVCFotoFachada.svc/RecuperarFotoFachadaGet?ReferenciaCatastral=1758309YJ2715H,jpeg,NotOfficial,grossFloorArea,51,m2,18.750000000000000,908.241719564000050,17.029532241824999,2.343263636475120,32.270078647794278,51.616897506119649
365,ES.SDGC.BU.1758310YJ2715H,2020/12/22 00:00:00.000,functional,1969/01/01 00:00:00.000,1969/01/01 00:00:00.000, ,https://www1.sedecatastro.gob.es/CYCBienInmueble/OVCListaBienes.aspx?rc1=1758310&rc2=YJ2715H,1758310YJ2715H,1758310YJ2715H,ES.SDGC.BU,0.100000000000000,m,footPrint,1,1_residential,24,18, ,http://ovc.catastro.meh.es/OVCServWeb/OVCWcfLibres/OVCFotoFachada.svc/RecuperarFotoFachadaGet?ReferenciaCatastral=1758310YJ2715H,jpeg,NotOfficial,grossFloorArea,1880,m2,150.000000000000000,1160.287877400000070,174.043181610000005,23.948341789536002,108.174871753752001,455.587962510640864
366,ES.SDGC.BU.1758311YJ2715H,2020/10/29 00:00:00.000,functional,1967/01/01 00:00:00.000,1967/01/01 00:00:00.000, ,https://www1.sedecatastro.gob.es/CYCBienInmueble/OVCListaBienes.aspx?rc1=1758311&rc2=YJ2715H,1758311YJ2715H,1758311YJ2715H,ES.SDGC.BU,0.100000000000000,m,footPrint,1,1_residential,17,16, ,http://ovc.catastro.meh.es/OVCServWeb/OVCWcfLibres/OVCFotoFachada.svc/RecuperarFotoFachadaGet?ReferenciaCatastral=1758311YJ2715H,jpeg,NotOfficial,grossFloorArea,1230,m2,168.750000000000000,1120.610491720000027,189.103020477750022,26.020575617738402,64.089931783916782,248.822864454641973
367,ES.SDGC.BU.1758312YJ2715H,2020/12/22 00:00:00.000,functional,2008/01/01 00:00:00.000,2008/01/01 00:00:00.000, ,https://www1.sedecatastro.gob.es/CYCBienInmueble/OVCListaBienes.aspx?rc1=1758312&rc2=YJ2715H,1758312YJ2715H,1758312YJ2715H,ES.SDGC.BU,0.100000000000000,m,footPrint,1,1_residential,10,4, ,http://ovc.catastro.meh.es/OVCServWeb/OVCWcfLibres/OVCFotoFachada.svc/RecuperarFotoFachadaGet?ReferenciaCatastral=1758312YJ2715H,jpeg,NotOfficial,grossFloorArea,807,m2,93.750000000000000,1143.188928219999980,107.173962020624998,14.747137174037999,53.889371314598321,149.691513923470382
368,ES.SDGC.BU.1758313YJ2715H,2020/10/29 00:00:00.000,functional,1970/01/01 00:00:00.000,1970/01/01 00:00:00.000, ,https://www1.sedecatastro.gob.es/CYCBienInmueble/OVCListaBienes.aspx?rc1=1758313&rc2=YJ2715H,1758313YJ2715H,1758313YJ2715H,ES.SDGC.BU,0.100000000000000,m,footPrint,1,4_2_retail,1,0, ,http://ovc.catastro.meh.es/OVCServWeb/OVCWcfLibres/OVCFotoFachada.svc/RecuperarFotoFachadaGet?ReferenciaCatastral=1758313YJ2715H,jpeg,NotOfficial,grossFloorArea,224,m2,43.750000000000000,995.480111257999965,43.552254867537499,5.992790269773160,43.665815385507209,109.383276497469481
369,ES.SDGC.BU.1758314YJ2715H,2020/12/22 00:00:00.000,functional,1928/01/01 00:00:00.000,1928/01/01 00:00:00.000, ,https://www1.sedecatastro.gob.es/CYCBienInmueble/OVCListaBienes.aspx?rc1=1758314&rc2=YJ2715H,1758314YJ2715H,1758314YJ2715H,ES.SDGC.BU,0.100000000000000,m,footPrint,1,1_residential,1,1, ,http://ovc.catastro.meh.es/OVCServWeb/OVCWcfLibres/OVCFotoFachada.svc/RecuperarFotoFachadaGet?ReferenciaCatastral=1758314YJ2715H,jpeg,NotOfficial,grossFloorArea,124,m2,56.250000000000000,1016.600192600000014,57.183760833750000,7.868485490724000,39.946593526767380,90.264647501890749
370,ES.SDGC.BU.1758315YJ2715H,2020/12/22 00:00:00.000,functional,1996/01/01 00:00:00.000,1996/01/01 00:00:00.000, ,https://www1.sedecatastro.gob.es/CYCBienInmueble/OVCListaBienes.aspx?rc1=1758315&rc2=YJ2715H,1758315YJ2715H,1758315YJ2715H,ES.SDGC.BU,0.100000000000000,m,footPrint,1,1_residential,27,14, ,http://ovc.catastro.meh.es/OVCServWeb/OVCWcfLibres/OVCFotoFachada.svc/RecuperarFotoFachadaGet?ReferenciaCatastral=1758315YJ2715H,jpeg,NotOfficial,grossFloorArea,2272,m2,131.250000000000000,1157.116062710000051,151.871483230687517,20.897516092542602,107.151563055246967,481.758449995165904
371,ES.SDGC.BU.1758316YJ2715H,2020/12/22 00:00:00.000,functional,1964/01/01 00:00:00.000,1964/01/01 00:00:00.000, ,https://www1.sedecatastro.gob.es/CYCBienInmueble/OVCListaBienes.aspx?rc1=1758316&rc2=YJ2715H,1758316YJ2715H,1758316YJ2715H,ES.SDGC.BU,0.100000000000000,m,footPrint,1,1_residential,20,16, ,http://ovc.catastro.meh.es/OVCServWeb/OVCWcfLibres/OVCFotoFachada.svc/RecuperarFotoFachadaGet?ReferenciaCatastral=1758316YJ2715H,jpeg,NotOfficial,grossFloorArea,1410,m2,200.000000000000000,1156.315795900000012,231.263159180000031,31.821810703168001,73.115365093826284,318.879750002609569
372,ES.SDGC.BU.1758601YJ2715H,2020/10/23 00:00:00.000,functional,1972/01/01 00:00:00.000,1972/01/01 00:00:00.000, ,https://www1.sedecatastro.gob.es/CYCBienInmueble/OVCListaBienes.aspx?rc1=1758601&rc2=YJ2715H,1758601YJ2715H,1758601YJ2715H,ES.SDGC.BU,0.100000000000000,m,footPrint,1,1_residential,22,20, ,http://ovc.catastro.meh.es/OVCServWeb/OVCWcfLibres/OVCFotoFachada.svc/RecuperarFotoFachadaGet?ReferenciaCatastral=1758601YJ2715H,jpeg,NotOfficial,grossFloorArea,2325,m2,181.250000000000000,1171.689301590000014,212.368685913187505,29.221931181654600,99.735436335830940,422.891474297428431
373,ES.SDGC.BU.1758604YJ2715H,2020/12/18 00:00:00.000,functional,1931/01/01 00:00:00.000,1931/01/01 00:00:00.000, ,https://www1.sedecatastro.gob.es/CYCBienInmueble/OVCListaBienes.aspx?rc1=1758604&rc2=YJ2715H,1758604YJ2715H,1758604YJ2715H,ES.SDGC.BU,0.100000000000000,m,footPrint,1,1_residential,1,1, ,http://ovc.catastro.meh.es/OVCServWeb/OVCWcfLibres/OVCFotoFachada.svc/RecuperarFotoFachadaGet?ReferenciaCatastral=1758604YJ2715H,jpeg,NotOfficial,grossFloorArea,112,m2,62.500000000000000,1089.888439939999898,68.118027496249994,9.373040583484000,60.384542971966553,112.082800004461603
374,ES.SDGC.BU.1758605YJ2715H,2020/12/18 00:00:00.000,functional,1934/01/01 00:00:00.000,1934/01/01 00:00:00.000, ,https://www1.sedecatastro.gob.es/CYCBienInmueble/OVCListaBienes.aspx?rc1=1758605&rc2=YJ2715H,1758605YJ2715H,1758605YJ2715H,ES.SDGC.BU,0.100000000000000,m,footPrint,1,1_residential,1,1, ,http://ovc.catastro.meh.es/OVCServWeb/OVCWcfLibres/OVCFotoFachada.svc/RecuperarFotoFachadaGet?ReferenciaCatastral=1758605YJ2715H,jpeg,NotOfficial,grossFloorArea,142,m2,93.750000000000000,1196.792036950000011,112.199253464062494,15.438617276655000,67.655392294712414,141.773100004373674
375,ES.SDGC.BU.1758606YJ2715H,2020/12/18 00:00:00.000,functional,1957/01/01 00:00:00.000,1957/01/01 00:00:00.000, ,https://www1.sedecatastro.gob.es/CYCBienInmueble/OVCListaBienes.aspx?rc1=1758606&rc2=YJ2715H,1758606YJ2715H,1758606YJ2715H,ES.SDGC.BU,0.100000000000000,m,footPrint,1,1_residential,1,1, ,http://ovc.catastro.meh.es/OVCServWeb/OVCWcfLibres/OVCFotoFachada.svc/RecuperarFotoFachadaGet?ReferenciaCatastral=1758606YJ2715H,jpeg,NotOfficial,grossFloorArea,271,m2,112.500000000000000,1106.068159319999950,124.432667923499992,17.121935106273597,69.243180812530355,143.386858999417768
376,ES.SDGC.BU.1758607YJ2715H,2020/12/18 00:00:00.000,functional,1934/01/01 00:00:00.000,1934/01/01 00:00:00.000, ,https://www1.sedecatastro.gob.es/CYCBienInmueble/OVCListaBienes.aspx?rc1=1758607&rc2=YJ2715H,1758607YJ2715H,1758607YJ2715H,ES.SDGC.BU,0.100000000000000,m,footPrint,1,1_residential,1,1, ,http://ovc.catastro.meh.es/OVCServWeb/OVCWcfLibres/OVCFotoFachada.svc/RecuperarFotoFachadaGet?ReferenciaCatastral=1758607YJ2715H,jpeg,NotOfficial,grossFloorArea,194,m2,68.750000000000000,1112.282992279999917,76.469455719249993,10.522197106968799,78.438589390244033,159.643720783371123
377,ES.SDGC.BU.1758608YJ2715H,2020/12/18 00:00:00.000,functional,1955/01/01 00:00:00.000,2000/01/01 00:00:00.000, ,https://www1.sedecatastro.gob.es/CYCBienInmueble/OVCListaBienes.aspx?rc1=1758608&rc2=YJ2715H,1758608YJ2715H,1758608YJ2715H,ES.SDGC.BU,0.100000000000000,m,footPrint,1,1_residential,1,0, ,http://ovc.catastro.meh.es/OVCServWeb/OVCWcfLibres/OVCFotoFachada.svc/RecuperarFotoFachadaGet?ReferenciaCatastral=1758608YJ2715H,jpeg,NotOfficial,grossFloorArea,275,m2,100.000000000000000,1166.313926699999911,116.631392669999983,16.048479631391995,53.324419558115103,154.215574987517613
378,ES.SDGC.BU.1758609YJ2715H,2020/12/18 00:00:00.000,functional,1930/01/01 00:00:00.000,1930/01/01 00:00:00.000, ,https://www1.sedecatastro.gob.es/CYCBienInmueble/OVCListaBienes.aspx?rc1=1758609&rc2=YJ2715H,1758609YJ2715H,1758609YJ2715H,ES.SDGC.BU,0.100000000000000,m,footPrint,1,3_industrial,1,0, ,http://ovc.catastro.meh.es/OVCServWeb/OVCWcfLibres/OVCFotoFachada.svc/RecuperarFotoFachadaGet?ReferenciaCatastral=1758609YJ2715H,jpeg,NotOfficial,grossFloorArea,117,m2,68.750000000000000,1203.708995469999991,82.754993438562494,11.387087097146200,49.498441710523956,116.975042500220695
379,ES.SDGC.BU.1758610YJ2715H,2020/12/18 00:00:00.000,functional,2007/01/01 00:00:00.000,2007/01/01 00:00:00.000, ,https://www1.sedecatastro.gob.es/CYCBienInmueble/OVCListaBienes.aspx?rc1=1758610&rc2=YJ2715H,1758610YJ2715H,1758610YJ2715H,ES.SDGC.BU,0.100000000000000,m,footPrint,1,1_residential,1,1, ,http://ovc.catastro.meh.es/OVCServWeb/OVCWcfLibres/OVCFotoFachada.svc/RecuperarFotoFachadaGet?ReferenciaCatastral=1758610YJ2715H,jpeg,NotOfficial,grossFloorArea,113,m2,6.250000000000000,1241.941528320000089,7.762134552000000,1.068069714355200,33.800016294706083,64.772362222409669
380,ES.SDGC.BU.1758611YJ2715H,2020/12/18 00:00:00.000,functional,2012/01/01 00:00:00.000,2012/01/01 00:00:00.000, ,https://www1.sedecatastro.gob.es/CYCBienInmueble/OVCListaBienes.aspx?rc1=1758611&rc2=YJ2715H,1758611YJ2715H,1758611YJ2715H,ES.SDGC.BU,0.100000000000000,m,footPrint,1,1_residential,1,1, ,http://ovc.catastro.meh.es/OVCServWeb/OVCWcfLibres/OVCFotoFachada.svc/RecuperarFotoFachadaGet?ReferenciaCatastral=1758611YJ2715H,jpeg,NotOfficial,grossFloorArea,180,m2,12.500000000000000,880.788146973000039,11.009851837162499,1.514955612793560,35.670320491981570,76.476874579348149
381,ES.SDGC.BU.1758612YJ2715H,2020/12/18 00:00:00.000,functional,2004/01/01 00:00:00.000,2004/01/01 00:00:00.000, ,https://www1.sedecatastro.gob.es/CYCBienInmueble/OVCListaBienes.aspx?rc1=1758612&rc2=YJ2715H,1758612YJ2715H,1758612YJ2715H,ES.SDGC.BU,0.100000000000000,m,footPrint,1,4_2_retail,1,0, ,http://ovc.catastro.meh.es/OVCServWeb/OVCWcfLibres/OVCFotoFachada.svc/RecuperarFotoFachadaGet?ReferenciaCatastral=1758612YJ2715H,jpeg,NotOfficial,grossFloorArea,556,m2,162.500000000000000,1002.078636759999995,162.837778473499981,22.406478317953596,68.965731453303405,280.386206740671582
382,ES.SDGC.BU.1759802YJ2715H,2020/12/18 00:00:00.000,functional,2009/01/01 00:00:00.000,2009/01/01 00:00:00.000, ,https://www1.sedecatastro.gob.es/CYCBienInmueble/OVCListaBienes.aspx?rc1=1759802&rc2=YJ2715H,1759802YJ2715H,1759802YJ2715H,ES.SDGC.BU,0.100000000000000,m,footPrint,1,1_residential,1,1, ,http://ovc.catastro.meh.es/OVCServWeb/OVCWcfLibres/OVCFotoFachada.svc/RecuperarFotoFachadaGet?ReferenciaCatastral=1759802YJ2715H,jpeg,NotOfficial,grossFloorArea,110,m2,31.250000000000000,1242.424340819999998,38.825760650625000,5.342424665526000,30.472636324574836,55.368008119231639
383,ES.SDGC.BU.1759803YJ2715H,2020/12/18 00:00:00.000,functional,1958/01/01 00:00:00.000,1958/01/01 00:00:00.000, ,https://www1.sedecatastro.gob.es/CYCBienInmueble/OVCListaBienes.aspx?rc1=1759803&rc2=YJ2715H,1759803YJ2715H,1759803YJ2715H,ES.SDGC.BU,0.100000000000000,m,footPrint,1,1_residential,1,1, ,http://ovc.catastro.meh.es/OVCServWeb/OVCWcfLibres/OVCFotoFachada.svc/RecuperarFotoFachadaGet?ReferenciaCatastral=1759803YJ2715H,jpeg,NotOfficial,grossFloorArea,101,m2,56.250000000000000,1096.403116859999955,61.672675323374996,8.486160124496399,45.461468481477041,101.095942998216273
384,ES.SDGC.BU.1759804YJ2715H,2020/12/18 00:00:00.000,functional,1924/01/01 00:00:00.000,1924/01/01 00:00:00.000, ,https://www1.sedecatastro.gob.es/CYCBienInmueble/OVCListaBienes.aspx?rc1=1759804&rc2=YJ2715H,1759804YJ2715H,1759804YJ2715H,ES.SDGC.BU,0.100000000000000,m,footPrint,1,1_residential,1,1, ,http://ovc.catastro.meh.es/OVCServWeb/OVCWcfLibres/OVCFotoFachada.svc/RecuperarFotoFachadaGet?ReferenciaCatastral=1759804YJ2715H,jpeg,NotOfficial,grossFloorArea,104,m2,62.500000000000000,1134.054504389999920,70.878406524374995,9.752868737754000,45.268372294237565,103.496906697244285
385,ES.SDGC.BU.1759806YJ2715H,2020/12/18 00:00:00.000,functional,1988/01/01 00:00:00.000,1988/01/01 00:00:00.000, ,https://www1.sedecatastro.gob.es/CYCBienInmueble/OVCListaBienes.aspx?rc1=1759806&rc2=YJ2715H,1759806YJ2715H,1759806YJ2715H,ES.SDGC.BU,0.100000000000000,m,footPrint,1,1_residential,1,1, ,http://ovc.catastro.meh.es/OVCServWeb/OVCWcfLibres/OVCFotoFachada.svc/RecuperarFotoFachadaGet?ReferenciaCatastral=1759806YJ2715H,jpeg,NotOfficial,grossFloorArea,144,m2,37.500000000000000,989.834248860999992,37.118784332287497,5.107544724122760,39.555216357872538,71.901364226873781
386,ES.SDGC.BU.1759807YJ2715H,2020/12/18 00:00:00.000,functional,1926/01/01 00:00:00.000,2000/01/01 00:00:00.000, ,https://www1.sedecatastro.gob.es/CYCBienInmueble/OVCListaBienes.aspx?rc1=1759807&rc2=YJ2715H,1759807YJ2715H,1759807YJ2715H,ES.SDGC.BU,0.100000000000000,m,footPrint,1,1_residential,1,1, ,http://ovc.catastro.meh.es/OVCServWeb/OVCWcfLibres/OVCFotoFachada.svc/RecuperarFotoFachadaGet?ReferenciaCatastral=1759807YJ2715H,jpeg,NotOfficial,grossFloorArea,180,m2,81.250000000000000,1167.528564449999976,94.861695861562509,13.052969350551001,38.089351154441033,90.187136170469387
387,ES.SDGC.BU.1759810YJ2715H,2020/12/18 00:00:00.000,functional,1919/01/01 00:00:00.000,1919/01/01 00:00:00.000, ,https://www1.sedecatastro.gob.es/CYCBienInmueble/OVCListaBienes.aspx?rc1=1759810&rc2=YJ2715H,1759810YJ2715H,1759810YJ2715H,ES.SDGC.BU,0.100000000000000,m,footPrint,1,1_residential,1,1, ,http://ovc.catastro.meh.es/OVCServWeb/OVCWcfLibres/OVCFotoFachada.svc/RecuperarFotoFachadaGet?ReferenciaCatastral=1759810YJ2715H,jpeg,NotOfficial,grossFloorArea,113,m2,43.750000000000000,1001.542227610000054,43.817472457937505,6.029284210212201,50.044928462834356,88.462201495534885
388,ES.SDGC.BU.1759811YJ2715H,2020/12/18 00:00:00.000,functional,1921/01/01 00:00:00.000,1921/01/01 00:00:00.000, ,https://www1.sedecatastro.gob.es/CYCBienInmueble/OVCListaBienes.aspx?rc1=1759811&rc2=YJ2715H,1759811YJ2715H,1759811YJ2715H,ES.SDGC.BU,0.100000000000000,m,footPrint,1,1_residential,1,1, ,http://ovc.catastro.meh.es/OVCServWeb/OVCWcfLibres/OVCFotoFachada.svc/RecuperarFotoFachadaGet?ReferenciaCatastral=1759811YJ2715H,jpeg,NotOfficial,grossFloorArea,113,m2,6.250000000000000,966.257568358999947,6.039109802243750,0.830981508788740,51.616311373838073,112.509354995575535
389,ES.SDGC.BU.1759812YJ2715H,2020/12/18 00:00:00.000,functional,1906/01/01 00:00:00.000,1906/01/01 00:00:00.000, ,https://www1.sedecatastro.gob.es/CYCBienInmueble/OVCListaBienes.aspx?rc1=1759812&rc2=YJ2715H,1759812YJ2715H,1759812YJ2715H,ES.SDGC.BU,0.100000000000000,m,footPrint,1,1_residential,1,1, ,http://ovc.catastro.meh.es/OVCServWeb/OVCWcfLibres/OVCFotoFachada.svc/RecuperarFotoFachadaGet?ReferenciaCatastral=1759812YJ2715H,jpeg,NotOfficial,grossFloorArea,77,m2,18.750000000000000,1038.996012370000017,19.481175231937502,2.680609711914600,31.511032791390686,44.742552000604057
390,ES.SDGC.BU.1759815YJ2715H,2020/12/18 00:00:00.000,functional,1916/01/01 00:00:00.000,1960/01/01 00:00:00.000, ,https://www1.sedecatastro.gob.es/CYCBienInmueble/OVCListaBienes.aspx?rc1=1759815&rc2=YJ2715H,1759815YJ2715H,1759815YJ2715H,ES.SDGC.BU,0.100000000000000,m,footPrint,1,1_residential,1,1, ,http://ovc.catastro.meh.es/OVCServWeb/OVCWcfLibres/OVCFotoFachada.svc/RecuperarFotoFachadaGet?ReferenciaCatastral=1759815YJ2715H,jpeg,NotOfficial,grossFloorArea,465,m2,181.250000000000000,1127.048125170000048,204.277472687062527,28.108580241739801,165.486413759263485,361.226975094075556
391,ES.SDGC.BU.1760702YJ2716B,2020/12/18 00:00:00.000,functional,1930/01/01 00:00:00.000,1930/01/01 00:00:00.000, ,https://www1.sedecatastro.gob.es/CYCBienInmueble/OVCListaBienes.aspx?rc1=1760702&rc2=YJ2716B,1760702YJ2716B,1760702YJ2716B,ES.SDGC.BU,0.100000000000000,m,footPrint,1,1_residential,1,1, ,http://ovc.catastro.meh.es/OVCServWeb/OVCWcfLibres/OVCFotoFachada.svc/RecuperarFotoFachadaGet?ReferenciaCatastral=1760702YJ2716B,jpeg,NotOfficial,grossFloorArea,74,m2,75.000000000000000,1106.513849890000074,82.988538741750006,11.419222930864800,40.322971050594703,74.397549994488998
392,ES.SDGC.BU.1760703YJ2716B,2020/12/18 00:00:00.000,functional,1930/01/01 00:00:00.000,1930/01/01 00:00:00.000, ,https://www1.sedecatastro.gob.es/CYCBienInmueble/OVCListaBienes.aspx?rc1=1760703&rc2=YJ2716B,1760703YJ2716B,1760703YJ2716B,ES.SDGC.BU,0.100000000000000,m,footPrint,1,1_residential,1,1, ,http://ovc.catastro.meh.es/OVCServWeb/OVCWcfLibres/OVCFotoFachada.svc/RecuperarFotoFachadaGet?ReferenciaCatastral=1760703YJ2716B,jpeg,NotOfficial,grossFloorArea,67,m2,37.500000000000000,1128.833068850000018,42.331240081875002,5.824778635266001,33.470670469503290,66.356599996296325
393,ES.SDGC.BU.1760704YJ2716B,2020/12/18 00:00:00.000,functional,1950/01/01 00:00:00.000,1950/01/01 00:00:00.000, ,https://www1.sedecatastro.gob.es/CYCBienInmueble/OVCListaBienes.aspx?rc1=1760704&rc2=YJ2716B,1760704YJ2716B,1760704YJ2716B,ES.SDGC.BU,0.100000000000000,m,footPrint,1,1_residential,1,1, ,http://ovc.catastro.meh.es/OVCServWeb/OVCWcfLibres/OVCFotoFachada.svc/RecuperarFotoFachadaGet?ReferenciaCatastral=1760704YJ2716B,jpeg,NotOfficial,grossFloorArea,173,m2,68.750000000000000,1225.199229849999938,84.232447052187496,11.590384714380999,40.338868081712356,88.722550003541443
394,ES.SDGC.BU.1760705YJ2716B,2020/12/18 00:00:00.000,functional,1950/01/01 00:00:00.000,1950/01/01 00:00:00.000, ,https://www1.sedecatastro.gob.es/CYCBienInmueble/OVCListaBienes.aspx?rc1=1760705&rc2=YJ2716B,1760705YJ2716B,1760705YJ2716B,ES.SDGC.BU,0.100000000000000,m,footPrint,1,1_residential,3,3, ,http://ovc.catastro.meh.es/OVCServWeb/OVCWcfLibres/OVCFotoFachada.svc/RecuperarFotoFachadaGet?ReferenciaCatastral=1760705YJ2716B,jpeg,NotOfficial,grossFloorArea,267,m2,37.500000000000000,1245.021830240000099,46.688318634000005,6.424312644038400,40.869826243660810,102.433799998209622
395,ES.SDGC.BU.1760707YJ2716B,2020/12/18 00:00:00.000,functional,1950/01/01 00:00:00.000,1950/01/01 00:00:00.000, ,https://www1.sedecatastro.gob.es/CYCBienInmueble/OVCListaBienes.aspx?rc1=1760707&rc2=YJ2716B,1760707YJ2716B,1760707YJ2716B,ES.SDGC.BU,0.100000000000000,m,footPrint,1,1_residential,1,1, ,http://ovc.catastro.meh.es/OVCServWeb/OVCWcfLibres/OVCFotoFachada.svc/RecuperarFotoFachadaGet?ReferenciaCatastral=1760707YJ2716B,jpeg,NotOfficial,grossFloorArea,102,m2,31.250000000000000,1078.111389160000044,33.690980911250001,4.635878973388000,29.838280458089336,51.333850004619549
396,ES.SDGC.BU.1760708YJ2716B,2020/12/18 00:00:00.000,functional,1950/01/01 00:00:00.000,1950/01/01 00:00:00.000, ,https://www1.sedecatastro.gob.es/CYCBienInmueble/OVCListaBienes.aspx?rc1=1760708&rc2=YJ2716B,1760708YJ2716B,1760708YJ2716B,ES.SDGC.BU,0.100000000000000,m,footPrint,1,1_residential,2,2, ,http://ovc.catastro.meh.es/OVCServWeb/OVCWcfLibres/OVCFotoFachada.svc/RecuperarFotoFachadaGet?ReferenciaCatastral=1760708YJ2716B,jpeg,NotOfficial,grossFloorArea,151,m2,37.500000000000000,1168.687011720000100,43.825762939500002,6.030424980475200,36.066994158876000,80.791999998252834
397,ES.SDGC.BU.1760709YJ2716B,2020/12/18 00:00:00.000,functional,1935/01/01 00:00:00.000,1935/01/01 00:00:00.000, ,https://www1.sedecatastro.gob.es/CYCBienInmueble/OVCListaBienes.aspx?rc1=1760709&rc2=YJ2716B,1760709YJ2716B,1760709YJ2716B,ES.SDGC.BU,0.100000000000000,m,footPrint,1,1_residential,1,1, ,http://ovc.catastro.meh.es/OVCServWeb/OVCWcfLibres/OVCFotoFachada.svc/RecuperarFotoFachadaGet?ReferenciaCatastral=1760709YJ2716B,jpeg,NotOfficial,grossFloorArea,101,m2,68.750000000000000,1146.948186699999951,78.852687835624991,10.850129846181998,52.322071888105206,100.332231497169047
398,ES.SDGC.BU.1760710YJ2715H,2020/12/18 00:00:00.000,functional,1950/01/01 00:00:00.000,2012/01/01 00:00:00.000, ,https://www1.sedecatastro.gob.es/CYCBienInmueble/OVCListaBienes.aspx?rc1=1760710&rc2=YJ2715H,1760710YJ2715H,1760710YJ2715H,ES.SDGC.BU,0.100000000000000,m,footPrint,1,1_residential,1,1, ,http://ovc.catastro.meh.es/OVCServWeb/OVCWcfLibres/OVCFotoFachada.svc/RecuperarFotoFachadaGet?ReferenciaCatastral=1760710YJ2715H,jpeg,NotOfficial,grossFloorArea,212,m2,62.500000000000000,1019.289056400000050,63.705566025000003,8.765885885040001,81.113168531897955,177.717661949876174
399,ES.SDGC.BU.1760711YJ2715H,2020/12/18 00:00:00.000,functional,1975/01/01 00:00:00.000,1975/01/01 00:00:00.000, ,https://www1.sedecatastro.gob.es/CYCBienInmueble/OVCListaBienes.aspx?rc1=1760711&rc2=YJ2715H,1760711YJ2715H,1760711YJ2715H,ES.SDGC.BU,0.100000000000000,m,footPrint,1,1_residential,9,8, ,http://ovc.catastro.meh.es/OVCServWeb/OVCWcfLibres/OVCFotoFachada.svc/RecuperarFotoFachadaGet?ReferenciaCatastral=1760711YJ2715H,jpeg,NotOfficial,grossFloorArea,1021,m2,87.500000000000000,1107.259259910000083,96.885185242125004,13.331401489316400,66.397549957471171,253.223129992381530
400,ES.SDGC.BU.1760712YJ2715H,2020/12/18 00:00:00.000,functional,1930/01/01 00:00:00.000,1930/01/01 00:00:00.000, ,https://www1.sedecatastro.gob.es/CYCBienInmueble/OVCListaBienes.aspx?rc1=1760712&rc2=YJ2715H,1760712YJ2715H,1760712YJ2715H,ES.SDGC.BU,0.100000000000000,m,footPrint,1,1_residential,1,1, ,http://ovc.catastro.meh.es/OVCServWeb/OVCWcfLibres/OVCFotoFachada.svc/RecuperarFotoFachadaGet?ReferenciaCatastral=1760712YJ2715H,jpeg,NotOfficial,grossFloorArea,73,m2,18.750000000000000,1060.778157550000060,19.889590454062503,2.736807646479000,47.391703931637089,72.639726496445348
401,ES.SDGC.BU.1760713YJ2715H,2020/12/18 00:00:00.000,functional,1930/01/01 00:00:00.000,1930/01/01 00:00:00.000, ,https://www1.sedecatastro.gob.es/CYCBienInmueble/OVCListaBienes.aspx?rc1=1760713&rc2=YJ2715H,1760713YJ2715H,1760713YJ2715H,ES.SDGC.BU,0.100000000000000,m,footPrint,1,1_residential,1,1, ,http://ovc.catastro.meh.es/OVCServWeb/OVCWcfLibres/OVCFotoFachada.svc/RecuperarFotoFachadaGet?ReferenciaCatastral=1760713YJ2715H,jpeg,NotOfficial,grossFloorArea,79,m2,62.500000000000000,1115.293945310000026,69.705871581875002,9.591527929666000,35.108953177358451,74.120602494146709
402,ES.SDGC.BU.1760714YJ2715H,2020/12/18 00:00:00.000,functional,1930/01/01 00:00:00.000,1930/01/01 00:00:00.000, ,https://www1.sedecatastro.gob.es/CYCBienInmueble/OVCListaBienes.aspx?rc1=1760714&rc2=YJ2715H,1760714YJ2715H,1760714YJ2715H,ES.SDGC.BU,0.100000000000000,m,footPrint,1,1_residential,1,1, ,http://ovc.catastro.meh.es/OVCServWeb/OVCWcfLibres/OVCFotoFachada.svc/RecuperarFotoFachadaGet?ReferenciaCatastral=1760714YJ2715H,jpeg,NotOfficial,grossFloorArea,74,m2,68.750000000000000,1123.123701620000020,77.214754486375014,10.624750217325202,42.485117398543892,74.372606489700487
403,ES.SDGC.BU.1760716YJ2715H,2020/12/18 00:00:00.000,functional,1999/01/01 00:00:00.000,1999/01/01 00:00:00.000, ,https://www1.sedecatastro.gob.es/CYCBienInmueble/OVCListaBienes.aspx?rc1=1760716&rc2=YJ2715H,1760716YJ2715H,1760716YJ2715H,ES.SDGC.BU,0.100000000000000,m,footPrint,1,1_residential,1,1, ,http://ovc.catastro.meh.es/OVCServWeb/OVCWcfLibres/OVCFotoFachada.svc/RecuperarFotoFachadaGet?ReferenciaCatastral=1760716YJ2715H,jpeg,NotOfficial,grossFloorArea,176,m2,25.000000000000000,1178.043762210000068,29.451094055250003,4.052470542002401,37.284611435630495,78.629748003158397
404,ES.SDGC.BU.1760717YJ2715H,2020/12/18 00:00:00.000,functional,1930/01/01 00:00:00.000,1930/01/01 00:00:00.000, ,https://www1.sedecatastro.gob.es/CYCBienInmueble/OVCListaBienes.aspx?rc1=1760717&rc2=YJ2715H,1760717YJ2715H,1760717YJ2715H,ES.SDGC.BU,0.100000000000000,m,footPrint,1,1_residential,1,1, ,http://ovc.catastro.meh.es/OVCServWeb/OVCWcfLibres/OVCFotoFachada.svc/RecuperarFotoFachadaGet?ReferenciaCatastral=1760717YJ2715H,jpeg,NotOfficial,grossFloorArea,77,m2,31.250000000000000,1049.705737300000010,32.803304290625000,4.513734670390000,45.053023532652702,78.458225243625122
405,ES.SDGC.BU.1760720YJ2715H,2020/12/18 00:00:00.000,functional,1940/01/01 00:00:00.000,1940/01/01 00:00:00.000, ,https://www1.sedecatastro.gob.es/CYCBienInmueble/OVCListaBienes.aspx?rc1=1760720&rc2=YJ2715H,1760720YJ2715H,1760720YJ2715H,ES.SDGC.BU,0.100000000000000,m,footPrint,1,1_residential,1,1, ,http://ovc.catastro.meh.es/OVCServWeb/OVCWcfLibres/OVCFotoFachada.svc/RecuperarFotoFachadaGet?ReferenciaCatastral=1760720YJ2715H,jpeg,NotOfficial,grossFloorArea,104,m2,43.750000000000000,1024.240312850000009,44.810513687187502,6.165926683357000,55.198274528619699,94.750077354673920
406,ES.SDGC.BU.1760721YJ2716B,2020/12/18 00:00:00.000,functional,2007/01/01 00:00:00.000,2007/01/01 00:00:00.000, ,https://www1.sedecatastro.gob.es/CYCBienInmueble/OVCListaBienes.aspx?rc1=1760721&rc2=YJ2716B,1760721YJ2716B,1760721YJ2716B,ES.SDGC.BU,0.100000000000000,m,footPrint,1,1_residential,13,12, ,http://ovc.catastro.meh.es/OVCServWeb/OVCWcfLibres/OVCFotoFachada.svc/RecuperarFotoFachadaGet?ReferenciaCatastral=1760721YJ2716B,jpeg,NotOfficial,grossFloorArea,3071,m2,637.500000000000000,1148.268555879999894,732.021204373499927,100.726117721793585,203.080915493504477,822.274555917835073
407,ES.SDGC.BU.1760722YJ2716B,2020/12/18 00:00:00.000,functional,1960/01/01 00:00:00.000,1960/01/01 00:00:00.000, ,https://www1.sedecatastro.gob.es/CYCBienInmueble/OVCListaBienes.aspx?rc1=1760722&rc2=YJ2716B,1760722YJ2716B,1760722YJ2716B,ES.SDGC.BU,0.100000000000000,m,footPrint,1,3_industrial,1,0, ,http://ovc.catastro.meh.es/OVCServWeb/OVCWcfLibres/OVCFotoFachada.svc/RecuperarFotoFachadaGet?ReferenciaCatastral=1760722YJ2716B,jpeg,NotOfficial,grossFloorArea,444,m2,218.750000000000000,1116.630296110000018,244.262877274062504,33.610571912911006,105.496092859772148,399.137641055304982
408,ES.SDGC.BU.1760723YJ2716B,2020/12/18 00:00:00.000,functional,1935/01/01 00:00:00.000,1935/01/01 00:00:00.000, ,https://www1.sedecatastro.gob.es/CYCBienInmueble/OVCListaBienes.aspx?rc1=1760723&rc2=YJ2716B,1760723YJ2716B,1760723YJ2716B,ES.SDGC.BU,0.100000000000000,m,footPrint,1,3_industrial,1,0, ,http://ovc.catastro.meh.es/OVCServWeb/OVCWcfLibres/OVCFotoFachada.svc/RecuperarFotoFachadaGet?ReferenciaCatastral=1760723YJ2716B,jpeg,NotOfficial,grossFloorArea,91,m2,56.250000000000000,1163.626180010000098,65.453972625562500,9.006466633277400,44.206104935604642,91.374899993587661
409,ES.SDGC.BU.1760724YJ2716B,2020/12/18 00:00:00.000,functional,1930/01/01 00:00:00.000,1930/01/01 00:00:00.000, ,https://www1.sedecatastro.gob.es/CYCBienInmueble/OVCListaBienes.aspx?rc1=1760724&rc2=YJ2716B,1760724YJ2716B,1760724YJ2716B,ES.SDGC.BU,0.100000000000000,m,footPrint,1,3_industrial,1,0, ,http://ovc.catastro.meh.es/OVCServWeb/OVCWcfLibres/OVCFotoFachada.svc/RecuperarFotoFachadaGet?ReferenciaCatastral=1760724YJ2716B,jpeg,NotOfficial,grossFloorArea,85,m2,56.250000000000000,1135.577514650000012,63.876235199062506,8.789369963391000,45.749154077926114,85.686250002030278
410,ES.SDGC.BU.1760725YJ2716B,2020/12/18 00:00:00.000,functional,1930/01/01 00:00:00.000,1930/01/01 00:00:00.000, ,https://www1.sedecatastro.gob.es/CYCBienInmueble/OVCListaBienes.aspx?rc1=1760725&rc2=YJ2716B,1760725YJ2716B,1760725YJ2716B,ES.SDGC.BU,0.100000000000000,m,footPrint,1,3_industrial,1,0, ,http://ovc.catastro.meh.es/OVCServWeb/OVCWcfLibres/OVCFotoFachada.svc/RecuperarFotoFachadaGet?ReferenciaCatastral=1760725YJ2716B,jpeg,NotOfficial,grossFloorArea,71,m2,31.250000000000000,1059.248498539999900,33.101515579374997,4.554768543721999,40.371571254504666,71.637399996609801
411,ES.SDGC.BU.1760727YJ2715H,2020/12/18 00:00:00.000,functional,1998/01/01 00:00:00.000,1998/01/01 00:00:00.000, ,https://www1.sedecatastro.gob.es/CYCBienInmueble/OVCListaBienes.aspx?rc1=1760727&rc2=YJ2715H,1760727YJ2715H,1760727YJ2715H,ES.SDGC.BU,0.100000000000000,m,footPrint,1,1_residential,4,2, ,http://ovc.catastro.meh.es/OVCServWeb/OVCWcfLibres/OVCFotoFachada.svc/RecuperarFotoFachadaGet?ReferenciaCatastral=1760727YJ2715H,jpeg,NotOfficial,grossFloorArea,473,m2,193.750000000000000,1151.044807680000076,223.014931488000002,30.686854572748803,64.759912876887611,257.123119782898641
412,ES.SDGC.BU.1760728YJ2716B,2020/12/18 00:00:00.000,functional,2007/01/01 00:00:00.000,2007/01/01 00:00:00.000, ,https://www1.sedecatastro.gob.es/CYCBienInmueble/OVCListaBienes.aspx?rc1=1760728&rc2=YJ2716B,1760728YJ2716B,1760728YJ2716B,ES.SDGC.BU,0.100000000000000,m,footPrint,1,1_residential,6,6, ,http://ovc.catastro.meh.es/OVCServWeb/OVCWcfLibres/OVCFotoFachada.svc/RecuperarFotoFachadaGet?ReferenciaCatastral=1760728YJ2716B,jpeg,NotOfficial,grossFloorArea,1093,m2,250.000000000000000,1174.223791500000061,293.555947875000015,40.393298427600001,138.949067719506502,409.417569275260973
413,ES.SDGC.BU.1760729YJ2716B,2020/12/18 00:00:00.000,functional,2007/01/01 00:00:00.000,2007/01/01 00:00:00.000, ,https://www1.sedecatastro.gob.es/CYCBienInmueble/OVCListaBienes.aspx?rc1=1760729&rc2=YJ2716B,1760729YJ2716B,1760729YJ2716B,ES.SDGC.BU,0.100000000000000,m,footPrint,1,1_residential,45,21, ,http://ovc.catastro.meh.es/OVCServWeb/OVCWcfLibres/OVCFotoFachada.svc/RecuperarFotoFachadaGet?ReferenciaCatastral=1760729YJ2716B,jpeg,NotOfficial,grossFloorArea,5584,m2,1112.500000000000000,1166.736594550000063,1297.994461436875099,178.604037893714008,280.072479175741989,1465.501516001479104
414,ES.SDGC.BU.1760730YJ2716B,2020/12/18 00:00:00.000,functional,2012/01/01 00:00:00.000,2012/01/01 00:00:00.000, ,https://www1.sedecatastro.gob.es/CYCBienInmueble/OVCListaBienes.aspx?rc1=1760730&rc2=YJ2716B,1760730YJ2716B,1760730YJ2716B,ES.SDGC.BU,0.100000000000000,m,footPrint,1,4_2_retail,1,0, ,http://ovc.catastro.meh.es/OVCServWeb/OVCWcfLibres/OVCFotoFachada.svc/RecuperarFotoFachadaGet?ReferenciaCatastral=1760730YJ2716B,jpeg,NotOfficial,grossFloorArea,33,m2,18.750000000000000,1153.542805990000033,21.628927612312502,2.976140439454200,28.738637716496349,32.526918995971556
415,ES.SDGC.BU.1760731YJ2715H,2020/12/18 00:00:00.000,functional,1950/01/01 00:00:00.000,1950/01/01 00:00:00.000, ,https://www1.sedecatastro.gob.es/CYCBienInmueble/OVCListaBienes.aspx?rc1=1760731&rc2=YJ2715H,1760731YJ2715H,1760731YJ2715H,ES.SDGC.BU,0.100000000000000,m,footPrint,1,3_industrial,1,0, ,http://ovc.catastro.meh.es/OVCServWeb/OVCWcfLibres/OVCFotoFachada.svc/RecuperarFotoFachadaGet?ReferenciaCatastral=1760731YJ2715H,jpeg,NotOfficial,grossFloorArea,360,m2,250.000000000000000,1105.523449710000023,276.380862427500006,38.030006670024001,91.625642129490501,360.664685003333432
416,ES.SDGC.BU.1760732YJ2715H,2020/12/18 00:00:00.000,functional,1950/01/01 00:00:00.000,1950/01/01 00:00:00.000, ,https://www1.sedecatastro.gob.es/CYCBienInmueble/OVCListaBienes.aspx?rc1=1760732&rc2=YJ2715H,1760732YJ2715H,1760732YJ2715H,ES.SDGC.BU,0.100000000000000,m,footPrint,1,1_residential,1,1, ,http://ovc.catastro.meh.es/OVCServWeb/OVCWcfLibres/OVCFotoFachada.svc/RecuperarFotoFachadaGet?ReferenciaCatastral=1760732YJ2715H,jpeg,NotOfficial,grossFloorArea,62,m2,43.750000000000000,950.848911830000020,41.599639892562500,5.724110449216600,32.879645755977450,61.964132742354522
417,ES.SDGC.BU.1760733YJ2716B,2020/12/18 00:00:00.000,functional,1997/01/01 00:00:00.000,1997/01/01 00:00:00.000, ,https://www1.sedecatastro.gob.es/CYCBienInmueble/OVCListaBienes.aspx?rc1=1760733&rc2=YJ2716B,1760733YJ2716B,1760733YJ2716B,ES.SDGC.BU,0.100000000000000,m,footPrint,1,3_industrial,1,0, ,http://ovc.catastro.meh.es/OVCServWeb/OVCWcfLibres/OVCFotoFachada.svc/RecuperarFotoFachadaGet?ReferenciaCatastral=1760733YJ2716B,jpeg,NotOfficial,grossFloorArea,312,m2,131.250000000000000,1130.263046990000021,148.347024917437494,20.412550628639398,70.933168955859927,308.364215108730946
418,ES.SDGC.BU.1760735YJ2715H,2020/12/18 00:00:00.000,functional,2014/01/01 00:00:00.000,2014/01/01 00:00:00.000, ,https://www1.sedecatastro.gob.es/CYCBienInmueble/OVCListaBienes.aspx?rc1=1760735&rc2=YJ2715H,1760735YJ2715H,1760735YJ2715H,ES.SDGC.BU,0.100000000000000,m,footPrint,1,1_residential,1,1, ,http://ovc.catastro.meh.es/OVCServWeb/OVCWcfLibres/OVCFotoFachada.svc/RecuperarFotoFachadaGet?ReferenciaCatastral=1760735YJ2715H,jpeg,NotOfficial,grossFloorArea,167,m2,106.250000000000000,1094.254186290000007,116.264507293312505,15.997996203559801,62.061234605861500,166.794393504655005
419,ES.SDGC.BU.1762401YJ2716D,2020/12/18 00:00:00.000,functional,2000/01/01 00:00:00.000,2000/01/01 00:00:00.000, ,https://www1.sedecatastro.gob.es/CYCBienInmueble/OVCListaBienes.aspx?rc1=1762401&rc2=YJ2716D,1762401YJ2716D,1762401YJ2716D,ES.SDGC.BU,0.100000000000000,m,footPrint,1,1_residential,17,17, ,http://ovc.catastro.meh.es/OVCServWeb/OVCWcfLibres/OVCFotoFachada.svc/RecuperarFotoFachadaGet?ReferenciaCatastral=1762401YJ2716D,jpeg,NotOfficial,grossFloorArea,3680,m2,706.250000000000000,1163.859671530000014,821.975893018062493,113.103882879285393,256.475126203892330,1037.155856932171901
420,ES.SDGC.BU.1762403YJ2716D,2020/12/18 00:00:00.000,functional,1946/01/01 00:00:00.000,2000/01/01 00:00:00.000, ,https://www1.sedecatastro.gob.es/CYCBienInmueble/OVCListaBienes.aspx?rc1=1762403&rc2=YJ2716D,1762403YJ2716D,1762403YJ2716D,ES.SDGC.BU,0.100000000000000,m,footPrint,1,1_residential,1,1, ,http://ovc.catastro.meh.es/OVCServWeb/OVCWcfLibres/OVCFotoFachada.svc/RecuperarFotoFachadaGet?ReferenciaCatastral=1762403YJ2716D,jpeg,NotOfficial,grossFloorArea,131,m2,93.750000000000000,1197.234847010000067,112.240766907187520,15.444329526429001,49.252080706485728,130.888699881889721
421,ES.SDGC.BU.1762404YJ2716D,2020/12/18 00:00:00.000,functional,1927/01/01 00:00:00.000,1927/01/01 00:00:00.000, ,https://www1.sedecatastro.gob.es/CYCBienInmueble/OVCListaBienes.aspx?rc1=1762404&rc2=YJ2716D,1762404YJ2716D,1762404YJ2716D,ES.SDGC.BU,0.100000000000000,m,footPrint,1,1_residential,1,1, ,http://ovc.catastro.meh.es/OVCServWeb/OVCWcfLibres/OVCFotoFachada.svc/RecuperarFotoFachadaGet?ReferenciaCatastral=1762404YJ2716D,jpeg,NotOfficial,grossFloorArea,103,m2,87.500000000000000,1158.715859550000005,101.387637710625000,13.950938948981999,64.252842150777994,103.143439655313898
422,ES.SDGC.BU.1762405YJ2716D,2020/12/18 00:00:00.000,functional,1929/01/01 00:00:00.000,1929/01/01 00:00:00.000, ,https://www1.sedecatastro.gob.es/CYCBienInmueble/OVCListaBienes.aspx?rc1=1762405&rc2=YJ2716D,1762405YJ2716D,1762405YJ2716D,ES.SDGC.BU,0.100000000000000,m,footPrint,1,1_residential,1,1, ,http://ovc.catastro.meh.es/OVCServWeb/OVCWcfLibres/OVCFotoFachada.svc/RecuperarFotoFachadaGet?ReferenciaCatastral=1762405YJ2716D,jpeg,NotOfficial,grossFloorArea,116,m2,87.500000000000000,1188.126246860000037,103.961046600250000,14.305040012194400,61.279444761967397,115.572194543009957
423,ES.SDGC.BU.1762406YJ2716D,2020/12/18 00:00:00.000,functional,1928/01/01 00:00:00.000,1928/01/01 00:00:00.000, ,https://www1.sedecatastro.gob.es/CYCBienInmueble/OVCListaBienes.aspx?rc1=1762406&rc2=YJ2716D,1762406YJ2716D,1762406YJ2716D,ES.SDGC.BU,0.100000000000000,m,footPrint,1,1_residential,1,1, ,http://ovc.catastro.meh.es/OVCServWeb/OVCWcfLibres/OVCFotoFachada.svc/RecuperarFotoFachadaGet?ReferenciaCatastral=1762406YJ2716D,jpeg,NotOfficial,grossFloorArea,110,m2,87.500000000000000,1181.087829589999956,103.345185089124996,14.220297468263601,44.086223528004844,100.241751536502775
424,ES.SDGC.BU.1762407YJ2716D,2020/12/18 00:00:00.000,functional,1927/01/01 00:00:00.000,1927/01/01 00:00:00.000, ,https://www1.sedecatastro.gob.es/CYCBienInmueble/OVCListaBienes.aspx?rc1=1762407&rc2=YJ2716D,1762407YJ2716D,1762407YJ2716D,ES.SDGC.BU,0.100000000000000,m,footPrint,1,1_residential,1,1, ,http://ovc.catastro.meh.es/OVCServWeb/OVCWcfLibres/OVCFotoFachada.svc/RecuperarFotoFachadaGet?ReferenciaCatastral=1762407YJ2716D,jpeg,NotOfficial,grossFloorArea,89,m2,43.750000000000000,1056.356131420000111,46.215580749625005,6.359263911148401,42.545808494117281,89.239426343581783
425,ES.SDGC.BU.1762408YJ2716D,2020/12/18 00:00:00.000,functional,2006/01/01 00:00:00.000,2006/01/01 00:00:00.000, ,https://www1.sedecatastro.gob.es/CYCBienInmueble/OVCListaBienes.aspx?rc1=1762408&rc2=YJ2716D,1762408YJ2716D,1762408YJ2716D,ES.SDGC.BU,0.100000000000000,m,footPrint,1,1_residential,1,1, ,http://ovc.catastro.meh.es/OVCServWeb/OVCWcfLibres/OVCFotoFachada.svc/RecuperarFotoFachadaGet?ReferenciaCatastral=1762408YJ2716D,jpeg,NotOfficial,grossFloorArea,214,m2,37.500000000000000,1193.257019039999932,44.747138213999996,6.157206218246400,43.472730514581613,93.076987316994675
426,ES.SDGC.BU.1762409YJ2716D,2020/12/18 00:00:00.000,functional,1927/01/01 00:00:00.000,1927/01/01 00:00:00.000, ,https://www1.sedecatastro.gob.es/CYCBienInmueble/OVCListaBienes.aspx?rc1=1762409&rc2=YJ2716D,1762409YJ2716D,1762409YJ2716D,ES.SDGC.BU,0.100000000000000,m,footPrint,1,3_industrial,1,0, ,http://ovc.catastro.meh.es/OVCServWeb/OVCWcfLibres/OVCFotoFachada.svc/RecuperarFotoFachadaGet?ReferenciaCatastral=1762409YJ2716D,jpeg,NotOfficial,grossFloorArea,139,m2,87.500000000000000,1158.903132850000020,101.404024124375013,13.953193719514001,55.490670633173877,138.762355103446708
427,ES.SDGC.BU.1762410YJ2716D,2020/12/18 00:00:00.000,functional,1931/01/01 00:00:00.000,2006/01/01 00:00:00.000, ,https://www1.sedecatastro.gob.es/CYCBienInmueble/OVCListaBienes.aspx?rc1=1762410&rc2=YJ2716D,1762410YJ2716D,1762410YJ2716D,ES.SDGC.BU,0.100000000000000,m,footPrint,1,1_residential,1,1, ,http://ovc.catastro.meh.es/OVCServWeb/OVCWcfLibres/OVCFotoFachada.svc/RecuperarFotoFachadaGet?ReferenciaCatastral=1762410YJ2716D,jpeg,NotOfficial,grossFloorArea,158,m2,56.250000000000000,1067.774034289999918,60.062289428812498,8.264571025404599,41.050190114790311,94.633075258076119
428,ES.SDGC.BU.1762411YJ2716D,2020/12/18 00:00:00.000,functional,1945/01/01 00:00:00.000,1945/01/01 00:00:00.000, ,https://www1.sedecatastro.gob.es/CYCBienInmueble/OVCListaBienes.aspx?rc1=1762411&rc2=YJ2716D,1762411YJ2716D,1762411YJ2716D,ES.SDGC.BU,0.100000000000000,m,footPrint,1,1_residential,1,1, ,http://ovc.catastro.meh.es/OVCServWeb/OVCWcfLibres/OVCFotoFachada.svc/RecuperarFotoFachadaGet?ReferenciaCatastral=1762411YJ2716D,jpeg,NotOfficial,grossFloorArea,191,m2,100.000000000000000,1191.896610259999989,119.189661025999996,16.400497357177599,51.544461809766517,128.278447264645735
429,ES.SDGC.BU.1762412YJ2716D,2020/12/18 00:00:00.000,functional,1947/01/01 00:00:00.000,1947/01/01 00:00:00.000, ,https://www1.sedecatastro.gob.es/CYCBienInmueble/OVCListaBienes.aspx?rc1=1762412&rc2=YJ2716D,1762412YJ2716D,1762412YJ2716D,ES.SDGC.BU,0.100000000000000,m,footPrint,1,1_residential,1,1, ,http://ovc.catastro.meh.es/OVCServWeb/OVCWcfLibres/OVCFotoFachada.svc/RecuperarFotoFachadaGet?ReferenciaCatastral=1762412YJ2716D,jpeg,NotOfficial,grossFloorArea,106,m2,56.250000000000000,1200.460083010000062,67.525879669312502,9.291561042497401,50.562723192019810,105.835562529189190
430,ES.SDGC.BU.1762413YJ2716D,2020/12/18 00:00:00.000,functional,1931/01/01 00:00:00.000,2004/01/01 00:00:00.000, ,https://www1.sedecatastro.gob.es/CYCBienInmueble/OVCListaBienes.aspx?rc1=1762413&rc2=YJ2716D,1762413YJ2716D,1762413YJ2716D,ES.SDGC.BU,0.100000000000000,m,footPrint,1,3_industrial,1,0, ,http://ovc.catastro.meh.es/OVCServWeb/OVCWcfLibres/OVCFotoFachada.svc/RecuperarFotoFachadaGet?ReferenciaCatastral=1762413YJ2716D,jpeg,NotOfficial,grossFloorArea,96,m2,12.500000000000000,1200.563781739999968,15.007047271750000,2.064969704592800,44.274867991437020,73.054137284543799
431,ES.SDGC.BU.1762414YJ2716B,2020/12/18 00:00:00.000,functional,1991/01/01 00:00:00.000,2004/01/01 00:00:00.000, ,https://www1.sedecatastro.gob.es/CYCBienInmueble/OVCListaBienes.aspx?rc1=1762414&rc2=YJ2716B,1762414YJ2716B,1762414YJ2716B,ES.SDGC.BU,0.100000000000000,m,footPrint,1,1_residential,1,1, ,http://ovc.catastro.meh.es/OVCServWeb/OVCWcfLibres/OVCFotoFachada.svc/RecuperarFotoFachadaGet?ReferenciaCatastral=1762414YJ2716B,jpeg,NotOfficial,grossFloorArea,687,m2,362.500000000000000,1210.370005640000045,438.759127044500019,60.373255881323203,134.071154583576060,533.303647611237921
432,ES.SDGC.BU.1762415YJ2716B,2020/12/18 00:00:00.000,functional,1931/01/01 00:00:00.000,1999/01/01 00:00:00.000, ,https://www1.sedecatastro.gob.es/CYCBienInmueble/OVCListaBienes.aspx?rc1=1762415&rc2=YJ2716B,1762415YJ2716B,1762415YJ2716B,ES.SDGC.BU,0.100000000000000,m,footPrint,1,1_residential,1,1, ,http://ovc.catastro.meh.es/OVCServWeb/OVCWcfLibres/OVCFotoFachada.svc/RecuperarFotoFachadaGet?ReferenciaCatastral=1762415YJ2716B,jpeg,NotOfficial,grossFloorArea,137,m2,100.000000000000000,1241.556159969999953,124.155615996999998,17.083812761187200,62.641867400388143,138.603313900858694
433,ES.SDGC.BU.1762416YJ2716B,2020/12/18 00:00:00.000,functional,1931/01/01 00:00:00.000,1931/01/01 00:00:00.000, ,https://www1.sedecatastro.gob.es/CYCBienInmueble/OVCListaBienes.aspx?rc1=1762416&rc2=YJ2716B,1762416YJ2716B,1762416YJ2716B,ES.SDGC.BU,0.100000000000000,m,footPrint,1,1_residential,1,1, ,http://ovc.catastro.meh.es/OVCServWeb/OVCWcfLibres/OVCFotoFachada.svc/RecuperarFotoFachadaGet?ReferenciaCatastral=1762416YJ2716B,jpeg,NotOfficial,grossFloorArea,183,m2,162.500000000000000,1238.800856370000020,201.305139160124980,27.699587148433199,83.428077704474418,192.241092598392356
434,ES.SDGC.BU.1762417YJ2716B,2020/12/18 00:00:00.000,functional,1920/01/01 00:00:00.000,2004/01/01 00:00:00.000, ,https://www1.sedecatastro.gob.es/CYCBienInmueble/OVCListaBienes.aspx?rc1=1762417&rc2=YJ2716B,1762417YJ2716B,1762417YJ2716B,ES.SDGC.BU,0.100000000000000,m,footPrint,1,1_residential,1,1, ,http://ovc.catastro.meh.es/OVCServWeb/OVCWcfLibres/OVCFotoFachada.svc/RecuperarFotoFachadaGet?ReferenciaCatastral=1762417YJ2716B,jpeg,NotOfficial,grossFloorArea,216,m2,131.250000000000000,1215.594802130000062,159.546817779562502,21.953642126467798,119.342325274832973,237.481291278011042
435,ES.SDGC.BU.1762418YJ2716B,2020/12/18 00:00:00.000,functional,1920/01/01 00:00:00.000,2010/01/01 00:00:00.000, ,https://www1.sedecatastro.gob.es/CYCBienInmueble/OVCListaBienes.aspx?rc1=1762418&rc2=YJ2716B,1762418YJ2716B,1762418YJ2716B,ES.SDGC.BU,0.100000000000000,m,footPrint,1,1_residential,1,1, ,http://ovc.catastro.meh.es/OVCServWeb/OVCWcfLibres/OVCFotoFachada.svc/RecuperarFotoFachadaGet?ReferenciaCatastral=1762418YJ2716B,jpeg,NotOfficial,grossFloorArea,174,m2,106.250000000000000,1113.636941349999915,118.323925018437492,16.281372082536997,73.988354530499450,183.309777208441460
436,ES.SDGC.BU.1762419YJ2716B,2020/12/18 00:00:00.000,functional,1931/01/01 00:00:00.000,2004/01/01 00:00:00.000, ,https://www1.sedecatastro.gob.es/CYCBienInmueble/OVCListaBienes.aspx?rc1=1762419&rc2=YJ2716B,1762419YJ2716B,1762419YJ2716B,ES.SDGC.BU,0.100000000000000,m,footPrint,1,1_residential,1,1, ,http://ovc.catastro.meh.es/OVCServWeb/OVCWcfLibres/OVCFotoFachada.svc/RecuperarFotoFachadaGet?ReferenciaCatastral=1762419YJ2716B,jpeg,NotOfficial,grossFloorArea,170,m2,93.750000000000000,1115.146289060000072,104.544964599375007,14.385387128874001,74.404652083307184,170.315695349097041
437,ES.SDGC.BU.1762420YJ2716B,2020/12/18 00:00:00.000,functional,1931/01/01 00:00:00.000,2010/01/01 00:00:00.000, ,https://www1.sedecatastro.gob.es/CYCBienInmueble/OVCListaBienes.aspx?rc1=1762420&rc2=YJ2716B,1762420YJ2716B,1762420YJ2716B,ES.SDGC.BU,0.100000000000000,m,footPrint,1,1_residential,1,1, ,http://ovc.catastro.meh.es/OVCServWeb/OVCWcfLibres/OVCFotoFachada.svc/RecuperarFotoFachadaGet?ReferenciaCatastral=1762420YJ2716B,jpeg,NotOfficial,grossFloorArea,156,m2,31.250000000000000,946.577966308999976,29.580561447156249,4.070285255128700,50.654403790290147,116.680045598015226
438,ES.SDGC.BU.1762421YJ2716B,2020/12/18 00:00:00.000,functional,1973/01/01 00:00:00.000,1973/01/01 00:00:00.000, ,https://www1.sedecatastro.gob.es/CYCBienInmueble/OVCListaBienes.aspx?rc1=1762421&rc2=YJ2716B,1762421YJ2716B,1762421YJ2716B,ES.SDGC.BU,0.100000000000000,m,footPrint,1,1_residential,11,10, ,http://ovc.catastro.meh.es/OVCServWeb/OVCWcfLibres/OVCFotoFachada.svc/RecuperarFotoFachadaGet?ReferenciaCatastral=1762421YJ2716B,jpeg,NotOfficial,grossFloorArea,1186,m2,68.750000000000000,1126.080710669999917,77.418048858562500,10.652723522938201,88.798068201858186,346.654419093353852
439,ES.SDGC.BU.1762423YJ2716B,2020/10/23 00:00:00.000,functional,1980/01/01 00:00:00.000,1980/01/01 00:00:00.000, ,https://www1.sedecatastro.gob.es/CYCBienInmueble/OVCListaBienes.aspx?rc1=1762423&rc2=YJ2716B,1762423YJ2716B,1762423YJ2716B,ES.SDGC.BU,0.100000000000000,m,footPrint,1,1_residential,48,30, ,http://ovc.catastro.meh.es/OVCServWeb/OVCWcfLibres/OVCFotoFachada.svc/RecuperarFotoFachadaGet?ReferenciaCatastral=1762423YJ2716B,jpeg,NotOfficial,grossFloorArea,4222,m2,437.500000000000000,1163.383830920000037,508.980426027500016,70.035706621384008,131.082951014580061,754.441167785043490
440,ES.SDGC.BU.1762424YJ2716B,2020/12/18 00:00:00.000,functional,1948/01/01 00:00:00.000,1948/01/01 00:00:00.000, ,https://www1.sedecatastro.gob.es/CYCBienInmueble/OVCListaBienes.aspx?rc1=1762424&rc2=YJ2716B,1762424YJ2716B,1762424YJ2716B,ES.SDGC.BU,0.100000000000000,m,footPrint,1,1_residential,2,2, ,http://ovc.catastro.meh.es/OVCServWeb/OVCWcfLibres/OVCFotoFachada.svc/RecuperarFotoFachadaGet?ReferenciaCatastral=1762424YJ2716B,jpeg,NotOfficial,grossFloorArea,259,m2,25.000000000000000,963.187316894999981,24.079682922375000,3.313364370118800,68.724322268494518,157.292296512862862
441,ES.SDGC.BU.1762425YJ2716B,2020/12/18 00:00:00.000,functional,2012/01/01 00:00:00.000,2012/01/01 00:00:00.000, ,https://www1.sedecatastro.gob.es/CYCBienInmueble/OVCListaBienes.aspx?rc1=1762425&rc2=YJ2716B,1762425YJ2716B,1762425YJ2716B,ES.SDGC.BU,0.100000000000000,m,footPrint,1,1_residential,1,1, ,http://ovc.catastro.meh.es/OVCServWeb/OVCWcfLibres/OVCFotoFachada.svc/RecuperarFotoFachadaGet?ReferenciaCatastral=1762425YJ2716B,jpeg,NotOfficial,grossFloorArea,166,m2,6.250000000000000,1266.574584960000038,7.916091156000000,1.089254143065600,46.890064264011649,82.666864356839881
442,ES.SDGC.BU.1762426YJ2716B,2020/12/18 00:00:00.000,functional,1976/01/01 00:00:00.000,1976/01/01 00:00:00.000, ,https://www1.sedecatastro.gob.es/CYCBienInmueble/OVCListaBienes.aspx?rc1=1762426&rc2=YJ2716B,1762426YJ2716B,1762426YJ2716B,ES.SDGC.BU,0.100000000000000,m,footPrint,1,1_residential,11,10, ,http://ovc.catastro.meh.es/OVCServWeb/OVCWcfLibres/OVCFotoFachada.svc/RecuperarFotoFachadaGet?ReferenciaCatastral=1762426YJ2716B,jpeg,NotOfficial,grossFloorArea,1276,m2,81.250000000000000,1159.950984070000004,94.246017455687493,12.968252001902599,80.985438962050793,211.173125087019116
443,ES.SDGC.BU.1762429YJ2716B,2020/12/18 00:00:00.000,functional,2007/01/01 00:00:00.000,2007/01/01 00:00:00.000, ,https://www1.sedecatastro.gob.es/CYCBienInmueble/OVCListaBienes.aspx?rc1=1762429&rc2=YJ2716B,1762429YJ2716B,1762429YJ2716B,ES.SDGC.BU,0.100000000000000,m,footPrint,1,1_residential,1,1, ,http://ovc.catastro.meh.es/OVCServWeb/OVCWcfLibres/OVCFotoFachada.svc/RecuperarFotoFachadaGet?ReferenciaCatastral=1762429YJ2716B,jpeg,NotOfficial,grossFloorArea,194,m2,37.500000000000000,1210.139139809999961,45.380217742874997,6.244317961419600,44.448943050642683,114.158761280436565
444,ES.SDGC.BU.1762430YJ2716D,2020/12/18 00:00:00.000,functional,1997/01/01 00:00:00.000,1997/01/01 00:00:00.000, ,https://www1.sedecatastro.gob.es/CYCBienInmueble/OVCListaBienes.aspx?rc1=1762430&rc2=YJ2716D,1762430YJ2716D,1762430YJ2716D,ES.SDGC.BU,0.100000000000000,m,footPrint,1,1_residential,1,1, ,http://ovc.catastro.meh.es/OVCServWeb/OVCWcfLibres/OVCFotoFachada.svc/RecuperarFotoFachadaGet?ReferenciaCatastral=1762430YJ2716D,jpeg,NotOfficial,grossFloorArea,177,m2,68.750000000000000,1197.202747690000024,82.307688903687506,11.325537993147400,44.235928630570832,106.494280521963105
445,ES.SDGC.BU.1762431YJ2716D,2020/12/18 00:00:00.000,functional,2001/01/01 00:00:00.000,2001/01/01 00:00:00.000, ,https://www1.sedecatastro.gob.es/CYCBienInmueble/OVCListaBienes.aspx?rc1=1762431&rc2=YJ2716D,1762431YJ2716D,1762431YJ2716D,ES.SDGC.BU,0.100000000000000,m,footPrint,1,1_residential,1,1, ,http://ovc.catastro.meh.es/OVCServWeb/OVCWcfLibres/OVCFotoFachada.svc/RecuperarFotoFachadaGet?ReferenciaCatastral=1762431YJ2716D,jpeg,NotOfficial,grossFloorArea,265,m2,75.000000000000000,1106.060373940000090,82.954528045499998,11.414543059060799,43.295531544467039,116.338769316007017
446,ES.SDGC.BU.1762432YJ2716D,2020/12/18 00:00:00.000,functional,2001/01/01 00:00:00.000,2001/01/01 00:00:00.000, ,https://www1.sedecatastro.gob.es/CYCBienInmueble/OVCListaBienes.aspx?rc1=1762432&rc2=YJ2716D,1762432YJ2716D,1762432YJ2716D,ES.SDGC.BU,0.100000000000000,m,footPrint,1,1_residential,1,1, ,http://ovc.catastro.meh.es/OVCServWeb/OVCWcfLibres/OVCFotoFachada.svc/RecuperarFotoFachadaGet?ReferenciaCatastral=1762432YJ2716D,jpeg,NotOfficial,grossFloorArea,328,m2,93.750000000000000,1112.279622400000108,104.276214600000003,14.348407128960000,47.907999112676890,139.270620372743082
447,ES.SDGC.BU.1762433YJ2716D,2021/11/03 00:00:00.000,functional,1949/01/01 00:00:00.000,1949/01/01 00:00:00.000, ,https://www1.sedecatastro.gob.es/CYCBienInmueble/OVCListaBienes.aspx?rc1=1762433&rc2=YJ2716D,1762433YJ2716D,1762433YJ2716D,ES.SDGC.BU,0.100000000000000,m,footPrint,1,1_residential,2,2, ,http://ovc.catastro.meh.es/OVCServWeb/OVCWcfLibres/OVCFotoFachada.svc/RecuperarFotoFachadaGet?ReferenciaCatastral=1762433YJ2716D,jpeg,NotOfficial,grossFloorArea,231,m2,43.750000000000000,978.949776786000029,42.829052734387503,5.893277656251720,77.707297939587122,120.022430220471875
448,ES.SDGC.BU.1762434YJ2716D,2020/12/18 00:00:00.000,functional,1945/01/01 00:00:00.000,1945/01/01 00:00:00.000, ,https://www1.sedecatastro.gob.es/CYCBienInmueble/OVCListaBienes.aspx?rc1=1762434&rc2=YJ2716D,1762434YJ2716D,1762434YJ2716D,ES.SDGC.BU,0.100000000000000,m,footPrint,1,1_residential,1,1, ,http://ovc.catastro.meh.es/OVCServWeb/OVCWcfLibres/OVCFotoFachada.svc/RecuperarFotoFachadaGet?ReferenciaCatastral=1762434YJ2716D,jpeg,NotOfficial,grossFloorArea,116,m2,62.500000000000000,1092.102813720000086,68.256425857500005,9.392084197992000,41.413658384136568,91.909263171228730
449,ES.SDGC.BU.1762435YJ2716D,2020/12/18 00:00:00.000,functional,1945/01/01 00:00:00.000,2000/01/01 00:00:00.000, ,https://www1.sedecatastro.gob.es/CYCBienInmueble/OVCListaBienes.aspx?rc1=1762435&rc2=YJ2716D,1762435YJ2716D,1762435YJ2716D,ES.SDGC.BU,0.100000000000000,m,footPrint,1,1_residential,1,1, ,http://ovc.catastro.meh.es/OVCServWeb/OVCWcfLibres/OVCFotoFachada.svc/RecuperarFotoFachadaGet?ReferenciaCatastral=1762435YJ2716D,jpeg,NotOfficial,grossFloorArea,139,m2,75.000000000000000,1268.153371180000022,95.111502838500002,13.087342790577601,39.865902770861922,90.171748245592056
450,ES.SDGC.BU.1762436YJ2716D,2020/12/18 00:00:00.000,functional,1970/01/01 00:00:00.000,1970/01/01 00:00:00.000, ,https://www1.sedecatastro.gob.es/CYCBienInmueble/OVCListaBienes.aspx?rc1=1762436&rc2=YJ2716D,1762436YJ2716D,1762436YJ2716D,ES.SDGC.BU,0.100000000000000,m,footPrint,1,1_residential,6,4, ,http://ovc.catastro.meh.es/OVCServWeb/OVCWcfLibres/OVCFotoFachada.svc/RecuperarFotoFachadaGet?ReferenciaCatastral=1762436YJ2716D,jpeg,NotOfficial,grossFloorArea,706,m2,162.500000000000000,1163.593475339999941,189.083939742750005,26.017950108602403,69.580387062642870,271.536576862027061
451,ES.SDGC.BU.1762437YJ2716D,2020/12/18 00:00:00.000,functional,1961/01/01 00:00:00.000,1961/01/01 00:00:00.000, ,https://www1.sedecatastro.gob.es/CYCBienInmueble/OVCListaBienes.aspx?rc1=1762437&rc2=YJ2716D,1762437YJ2716D,1762437YJ2716D,ES.SDGC.BU,0.100000000000000,m,footPrint,1,1_residential,2,2, ,http://ovc.catastro.meh.es/OVCServWeb/OVCWcfLibres/OVCFotoFachada.svc/RecuperarFotoFachadaGet?ReferenciaCatastral=1762437YJ2716D,jpeg,NotOfficial,grossFloorArea,261,m2,50.000000000000000,1035.110748289999947,51.755537414499997,7.121561948235200,76.280707803052906,164.621377571110912
452,ES.SDGC.BU.1762601YJ2716B,2020/12/18 00:00:00.000,functional,1950/01/01 00:00:00.000,1950/01/01 00:00:00.000, ,https://www1.sedecatastro.gob.es/CYCBienInmueble/OVCListaBienes.aspx?rc1=1762601&rc2=YJ2716B,1762601YJ2716B,1762601YJ2716B,ES.SDGC.BU,0.100000000000000,m,footPrint,1,1_residential,1,1, ,http://ovc.catastro.meh.es/OVCServWeb/OVCWcfLibres/OVCFotoFachada.svc/RecuperarFotoFachadaGet?ReferenciaCatastral=1762601YJ2716B,jpeg,NotOfficial,grossFloorArea,192,m2,106.250000000000000,1205.981208350000088,128.135503387187498,17.631445266077002,96.620389894956531,190.645850000874702
453,ES.SDGC.BU.1762602YJ2716B,2020/12/18 00:00:00.000,functional,1992/01/01 00:00:00.000,1992/01/01 00:00:00.000, ,https://www1.sedecatastro.gob.es/CYCBienInmueble/OVCListaBienes.aspx?rc1=1762602&rc2=YJ2716B,1762602YJ2716B,1762602YJ2716B,ES.SDGC.BU,0.100000000000000,m,footPrint,1,1_residential,1,1, ,http://ovc.catastro.meh.es/OVCServWeb/OVCWcfLibres/OVCFotoFachada.svc/RecuperarFotoFachadaGet?ReferenciaCatastral=1762602YJ2716B,jpeg,NotOfficial,grossFloorArea,164,m2,50.000000000000000,1204.732101439999951,60.236605071999996,8.288556857907199,37.119390887065052,85.848440486319802
454,ES.SDGC.BU.1762603YJ2716B,2020/12/18 00:00:00.000,functional,1926/01/01 00:00:00.000,1926/01/01 00:00:00.000, ,https://www1.sedecatastro.gob.es/CYCBienInmueble/OVCListaBienes.aspx?rc1=1762603&rc2=YJ2716B,1762603YJ2716B,1762603YJ2716B,ES.SDGC.BU,0.100000000000000,m,footPrint,1,1_residential,1,1, ,http://ovc.catastro.meh.es/OVCServWeb/OVCWcfLibres/OVCFotoFachada.svc/RecuperarFotoFachadaGet?ReferenciaCatastral=1762603YJ2716B,jpeg,NotOfficial,grossFloorArea,113,m2,87.500000000000000,1134.351780479999888,99.255780791999996,13.657595436979200,54.469134759961008,112.609550003391504
455,ES.SDGC.BU.1762604YJ2716B,2020/12/18 00:00:00.000,functional,1928/01/01 00:00:00.000,1928/01/01 00:00:00.000, ,https://www1.sedecatastro.gob.es/CYCBienInmueble/OVCListaBienes.aspx?rc1=1762604&rc2=YJ2716B,1762604YJ2716B,1762604YJ2716B,ES.SDGC.BU,0.100000000000000,m,footPrint,1,1_residential,1,1, ,http://ovc.catastro.meh.es/OVCServWeb/OVCWcfLibres/OVCFotoFachada.svc/RecuperarFotoFachadaGet?ReferenciaCatastral=1762604YJ2716B,jpeg,NotOfficial,grossFloorArea,228,m2,106.250000000000000,1243.012329099999988,132.070059966875021,18.172840251442004,57.255866501704560,128.511299993562318
456,ES.SDGC.BU.1762605YJ2716B,2020/12/18 00:00:00.000,functional,1995/01/01 00:00:00.000,1995/01/01 00:00:00.000, ,https://www1.sedecatastro.gob.es/CYCBienInmueble/OVCListaBienes.aspx?rc1=1762605&rc2=YJ2716B,1762605YJ2716B,1762605YJ2716B,ES.SDGC.BU,0.100000000000000,m,footPrint,1,1_residential,1,1, ,http://ovc.catastro.meh.es/OVCServWeb/OVCWcfLibres/OVCFotoFachada.svc/RecuperarFotoFachadaGet?ReferenciaCatastral=1762605YJ2716B,jpeg,NotOfficial,grossFloorArea,212,m2,106.250000000000000,1215.297779759999912,129.125389099499984,17.767653540091196,56.982646720163231,115.210549999244321
457,ES.SDGC.BU.1762607YJ2716B,2020/12/18 00:00:00.000,functional,1957/01/01 00:00:00.000,2000/01/01 00:00:00.000, ,https://www1.sedecatastro.gob.es/CYCBienInmueble/OVCListaBienes.aspx?rc1=1762607&rc2=YJ2716B,1762607YJ2716B,1762607YJ2716B,ES.SDGC.BU,0.100000000000000,m,footPrint,1,1_residential,1,1, ,http://ovc.catastro.meh.es/OVCServWeb/OVCWcfLibres/OVCFotoFachada.svc/RecuperarFotoFachadaGet?ReferenciaCatastral=1762607YJ2716B,jpeg,NotOfficial,grossFloorArea,120,m2,62.500000000000000,1159.142114259999971,72.446382141249998,9.968622182636000,37.947601353999957,87.699109649250843
458,ES.SDGC.BU.1762608YJ2716B,2020/12/18 00:00:00.000,functional,1977/01/01 00:00:00.000,1977/01/01 00:00:00.000, ,https://www1.sedecatastro.gob.es/CYCBienInmueble/OVCListaBienes.aspx?rc1=1762608&rc2=YJ2716B,1762608YJ2716B,1762608YJ2716B,ES.SDGC.BU,0.100000000000000,m,footPrint,1,1_residential,3,2, ,http://ovc.catastro.meh.es/OVCServWeb/OVCWcfLibres/OVCFotoFachada.svc/RecuperarFotoFachadaGet?ReferenciaCatastral=1762608YJ2716B,jpeg,NotOfficial,grossFloorArea,425,m2,100.000000000000000,1085.247581480000008,108.524758147999989,14.933006721164800,66.273286974491768,168.993483513134095
459,ES.SDGC.BU.1762609YJ2716B,2020/12/18 00:00:00.000,functional,1960/01/01 00:00:00.000,1960/01/01 00:00:00.000, ,https://www1.sedecatastro.gob.es/CYCBienInmueble/OVCListaBienes.aspx?rc1=1762609&rc2=YJ2716B,1762609YJ2716B,1762609YJ2716B,ES.SDGC.BU,0.100000000000000,m,footPrint,1,1_residential,3,3, ,http://ovc.catastro.meh.es/OVCServWeb/OVCWcfLibres/OVCFotoFachada.svc/RecuperarFotoFachadaGet?ReferenciaCatastral=1762609YJ2716B,jpeg,NotOfficial,grossFloorArea,274,m2,112.500000000000000,1138.900414360000013,128.126296615499996,17.630178414292800,74.614860235050969,175.163855110028663
460,ES.SDGC.BU.1762610YJ2716B,2020/12/18 00:00:00.000,functional,1960/01/01 00:00:00.000,1960/01/01 00:00:00.000, ,https://www1.sedecatastro.gob.es/CYCBienInmueble/OVCListaBienes.aspx?rc1=1762610&rc2=YJ2716B,1762610YJ2716B,1762610YJ2716B,ES.SDGC.BU,0.100000000000000,m,footPrint,1,1_residential,1,1, ,http://ovc.catastro.meh.es/OVCServWeb/OVCWcfLibres/OVCFotoFachada.svc/RecuperarFotoFachadaGet?ReferenciaCatastral=1762610YJ2716B,jpeg,NotOfficial,grossFloorArea,141,m2,62.500000000000000,1123.901483150000104,70.243842696875021,9.665552755090003,61.905236955117999,104.845910495049878
461,ES.SDGC.BU.1762611YJ2716B,2020/12/18 00:00:00.000,functional,1952/01/01 00:00:00.000,1952/01/01 00:00:00.000, ,https://www1.sedecatastro.gob.es/CYCBienInmueble/OVCListaBienes.aspx?rc1=1762611&rc2=YJ2716B,1762611YJ2716B,1762611YJ2716B,ES.SDGC.BU,0.100000000000000,m,footPrint,1,1_residential,1,1, ,http://ovc.catastro.meh.es/OVCServWeb/OVCWcfLibres/OVCFotoFachada.svc/RecuperarFotoFachadaGet?ReferenciaCatastral=1762611YJ2716B,jpeg,NotOfficial,grossFloorArea,114,m2,75.000000000000000,1179.304199220000100,88.447814941500013,12.170419335950402,58.376078313249330,113.591873845478617
462,ES.SDGC.BU.1762612YJ2716B,2020/12/18 00:00:00.000,functional,2010/01/01 00:00:00.000,2010/01/01 00:00:00.000, ,https://www1.sedecatastro.gob.es/CYCBienInmueble/OVCListaBienes.aspx?rc1=1762612&rc2=YJ2716B,1762612YJ2716B,1762612YJ2716B,ES.SDGC.BU,0.100000000000000,m,footPrint,1,1_residential,1,1, ,http://ovc.catastro.meh.es/OVCServWeb/OVCWcfLibres/OVCFotoFachada.svc/RecuperarFotoFachadaGet?ReferenciaCatastral=1762612YJ2716B,jpeg,NotOfficial,grossFloorArea,229,m2,75.000000000000000,1137.663767499999949,85.324782562499990,11.740690080599999,40.349481234078908,97.461568536561828
463,ES.SDGC.BU.1762613YJ2716D,2020/12/18 00:00:00.000,functional,1952/01/01 00:00:00.000,1952/01/01 00:00:00.000, ,https://www1.sedecatastro.gob.es/CYCBienInmueble/OVCListaBienes.aspx?rc1=1762613&rc2=YJ2716D,1762613YJ2716D,1762613YJ2716D,ES.SDGC.BU,0.100000000000000,m,footPrint,1,1_residential,1,1, ,http://ovc.catastro.meh.es/OVCServWeb/OVCWcfLibres/OVCFotoFachada.svc/RecuperarFotoFachadaGet?ReferenciaCatastral=1762613YJ2716D,jpeg,NotOfficial,grossFloorArea,94,m2,62.500000000000000,1142.122216799999933,71.382638549999996,9.822251064480000,39.653440888161199,94.284525873726849
464,ES.SDGC.BU.1762614YJ2716D,2020/12/18 00:00:00.000,functional,1951/01/01 00:00:00.000,1951/01/01 00:00:00.000, ,https://www1.sedecatastro.gob.es/CYCBienInmueble/OVCListaBienes.aspx?rc1=1762614&rc2=YJ2716D,1762614YJ2716D,1762614YJ2716D,ES.SDGC.BU,0.100000000000000,m,footPrint,1,1_residential,1,1, ,http://ovc.catastro.meh.es/OVCServWeb/OVCWcfLibres/OVCFotoFachada.svc/RecuperarFotoFachadaGet?ReferenciaCatastral=1762614YJ2716D,jpeg,NotOfficial,grossFloorArea,153,m2,106.250000000000000,1195.935281190000069,127.068123626437497,17.484573810997798,60.078784823794500,142.911700008142930
465,ES.SDGC.BU.1762615YJ2716D,2020/12/18 00:00:00.000,functional,1950/01/01 00:00:00.000,1950/01/01 00:00:00.000, ,https://www1.sedecatastro.gob.es/CYCBienInmueble/OVCListaBienes.aspx?rc1=1762615&rc2=YJ2716D,1762615YJ2716D,1762615YJ2716D,ES.SDGC.BU,0.100000000000000,m,footPrint,1,1_residential,1,1, ,http://ovc.catastro.meh.es/OVCServWeb/OVCWcfLibres/OVCFotoFachada.svc/RecuperarFotoFachadaGet?ReferenciaCatastral=1762615YJ2716D,jpeg,NotOfficial,grossFloorArea,127,m2,68.750000000000000,1088.475580390000005,74.832696151812499,10.296978990489400,72.649096073668289,127.444750010316270
466,ES.SDGC.BU.1762616YJ2716D,2020/12/18 00:00:00.000,functional,1954/01/01 00:00:00.000,1954/01/01 00:00:00.000, ,https://www1.sedecatastro.gob.es/CYCBienInmueble/OVCListaBienes.aspx?rc1=1762616&rc2=YJ2716D,1762616YJ2716D,1762616YJ2716D,ES.SDGC.BU,0.100000000000000,m,footPrint,1,1_residential,1,1, ,http://ovc.catastro.meh.es/OVCServWeb/OVCWcfLibres/OVCFotoFachada.svc/RecuperarFotoFachadaGet?ReferenciaCatastral=1762616YJ2716D,jpeg,NotOfficial,grossFloorArea,130,m2,87.500000000000000,1189.345929829999932,104.067768860125000,14.319724995153202,52.725938953448420,124.516699994317449
467,ES.SDGC.BU.1762617YJ2716D,2020/12/18 00:00:00.000,functional,1954/01/01 00:00:00.000,1954/01/01 00:00:00.000, ,https://www1.sedecatastro.gob.es/CYCBienInmueble/OVCListaBienes.aspx?rc1=1762617&rc2=YJ2716D,1762617YJ2716D,1762617YJ2716D,ES.SDGC.BU,0.100000000000000,m,footPrint,1,1_residential,1,1, ,http://ovc.catastro.meh.es/OVCServWeb/OVCWcfLibres/OVCFotoFachada.svc/RecuperarFotoFachadaGet?ReferenciaCatastral=1762617YJ2716D,jpeg,NotOfficial,grossFloorArea,157,m2,112.500000000000000,1201.841834170000084,135.207206344125012,18.604511592951603,61.543373144834725,148.918880004610742
468,ES.SDGC.BU.1762618YJ2716D,2020/12/18 00:00:00.000,functional,1954/01/01 00:00:00.000,1954/01/01 00:00:00.000, ,https://www1.sedecatastro.gob.es/CYCBienInmueble/OVCListaBienes.aspx?rc1=1762618&rc2=YJ2716D,1762618YJ2716D,1762618YJ2716D,ES.SDGC.BU,0.100000000000000,m,footPrint,1,1_residential,1,1, ,http://ovc.catastro.meh.es/OVCServWeb/OVCWcfLibres/OVCFotoFachada.svc/RecuperarFotoFachadaGet?ReferenciaCatastral=1762618YJ2716D,jpeg,NotOfficial,grossFloorArea,151,m2,100.000000000000000,1128.043247220000012,112.804324722000004,15.521875081747202,75.203334237646288,144.872815002071604
469,ES.SDGC.BU.1762619YJ2716D,2020/12/18 00:00:00.000,functional,1940/01/01 00:00:00.000,1940/01/01 00:00:00.000, ,https://www1.sedecatastro.gob.es/CYCBienInmueble/OVCListaBienes.aspx?rc1=1762619&rc2=YJ2716D,1762619YJ2716D,1762619YJ2716D,ES.SDGC.BU,0.100000000000000,m,footPrint,1,1_residential,1,1, ,http://ovc.catastro.meh.es/OVCServWeb/OVCWcfLibres/OVCFotoFachada.svc/RecuperarFotoFachadaGet?ReferenciaCatastral=1762619YJ2716D,jpeg,NotOfficial,grossFloorArea,154,m2,125.000000000000000,1188.996356200000037,148.624544525000005,20.450737326639999,63.583517439960794,131.442982500445964
470,ES.SDGC.BU.1762620YJ2716D,2020/12/18 00:00:00.000,functional,1957/01/01 00:00:00.000,1957/01/01 00:00:00.000, ,https://www1.sedecatastro.gob.es/CYCBienInmueble/OVCListaBienes.aspx?rc1=1762620&rc2=YJ2716D,1762620YJ2716D,1762620YJ2716D,ES.SDGC.BU,0.100000000000000,m,footPrint,1,1_residential,2,2, ,http://ovc.catastro.meh.es/OVCServWeb/OVCWcfLibres/OVCFotoFachada.svc/RecuperarFotoFachadaGet?ReferenciaCatastral=1762620YJ2716D,jpeg,NotOfficial,grossFloorArea,145,m2,56.250000000000000,1203.030456539999932,67.670463180374995,9.311455733619599,60.058780725148296,93.408372502504903
471,ES.SDGC.BU.1762621YJ2716D,2020/12/18 00:00:00.000,functional,1949/01/01 00:00:00.000,1949/01/01 00:00:00.000, ,https://www1.sedecatastro.gob.es/CYCBienInmueble/OVCListaBienes.aspx?rc1=1762621&rc2=YJ2716D,1762621YJ2716D,1762621YJ2716D,ES.SDGC.BU,0.100000000000000,m,footPrint,1,1_residential,2,2, ,http://ovc.catastro.meh.es/OVCServWeb/OVCWcfLibres/OVCFotoFachada.svc/RecuperarFotoFachadaGet?ReferenciaCatastral=1762621YJ2716D,jpeg,NotOfficial,grossFloorArea,206,m2,43.750000000000000,1119.981244770000103,48.999179458687507,6.742287093515401,54.892885127443648,92.677200006551288
472,ES.SDGC.BU.1762622YJ2716D,2020/12/18 00:00:00.000,functional,1949/01/01 00:00:00.000,1949/01/01 00:00:00.000, ,https://www1.sedecatastro.gob.es/CYCBienInmueble/OVCListaBienes.aspx?rc1=1762622&rc2=YJ2716D,1762622YJ2716D,1762622YJ2716D,ES.SDGC.BU,0.100000000000000,m,footPrint,1,1_residential,1,1, ,http://ovc.catastro.meh.es/OVCServWeb/OVCWcfLibres/OVCFotoFachada.svc/RecuperarFotoFachadaGet?ReferenciaCatastral=1762622YJ2716D,jpeg,NotOfficial,grossFloorArea,207,m2,81.250000000000000,1194.165635329999986,97.025957870562507,13.350771802989401,59.275003735140054,108.441599995164765
473,ES.SDGC.BU.1762623YJ2716D,2020/12/18 00:00:00.000,functional,1949/01/01 00:00:00.000,1949/01/01 00:00:00.000, ,https://www1.sedecatastro.gob.es/CYCBienInmueble/OVCListaBienes.aspx?rc1=1762623&rc2=YJ2716D,1762623YJ2716D,1762623YJ2716D,ES.SDGC.BU,0.100000000000000,m,footPrint,1,1_residential,2,2, ,http://ovc.catastro.meh.es/OVCServWeb/OVCWcfLibres/OVCFotoFachada.svc/RecuperarFotoFachadaGet?ReferenciaCatastral=1762623YJ2716D,jpeg,NotOfficial,grossFloorArea,168,m2,62.500000000000000,1166.849780270000110,72.928111266875007,10.034908110322000,57.736998033427440,92.924700000004094
474,ES.SDGC.BU.1762624YJ2716D,2020/12/18 00:00:00.000,functional,1949/01/01 00:00:00.000,1949/01/01 00:00:00.000, ,https://www1.sedecatastro.gob.es/CYCBienInmueble/OVCListaBienes.aspx?rc1=1762624&rc2=YJ2716D,1762624YJ2716D,1762624YJ2716D,ES.SDGC.BU,0.100000000000000,m,footPrint,1,1_residential,4,4, ,http://ovc.catastro.meh.es/OVCServWeb/OVCWcfLibres/OVCFotoFachada.svc/RecuperarFotoFachadaGet?ReferenciaCatastral=1762624YJ2716D,jpeg,NotOfficial,grossFloorArea,390,m2,156.250000000000000,1203.873793949999936,188.105280304687483,25.883286569924998,95.909929248437365,204.419650003228696
475,ES.SDGC.BU.1762625YJ2716D,2020/12/18 00:00:00.000,functional,1948/01/01 00:00:00.000,1948/01/01 00:00:00.000, ,https://www1.sedecatastro.gob.es/CYCBienInmueble/OVCListaBienes.aspx?rc1=1762625&rc2=YJ2716D,1762625YJ2716D,1762625YJ2716D,ES.SDGC.BU,0.100000000000000,m,footPrint,1,1_residential,2,2, ,http://ovc.catastro.meh.es/OVCServWeb/OVCWcfLibres/OVCFotoFachada.svc/RecuperarFotoFachadaGet?ReferenciaCatastral=1762625YJ2716D,jpeg,NotOfficial,grossFloorArea,201,m2,62.500000000000000,1219.611694339999985,76.225730896249999,10.488660571323999,60.479033204290978,107.059149990938977
476,ES.SDGC.BU.1762626YJ2716D,2020/12/18 00:00:00.000,functional,1942/01/01 00:00:00.000,1942/01/01 00:00:00.000, ,https://www1.sedecatastro.gob.es/CYCBienInmueble/OVCListaBienes.aspx?rc1=1762626&rc2=YJ2716D,1762626YJ2716D,1762626YJ2716D,ES.SDGC.BU,0.100000000000000,m,footPrint,1,1_residential,1,1, ,http://ovc.catastro.meh.es/OVCServWeb/OVCWcfLibres/OVCFotoFachada.svc/RecuperarFotoFachadaGet?ReferenciaCatastral=1762626YJ2716D,jpeg,NotOfficial,grossFloorArea,121,m2,87.500000000000000,1170.395381379999890,102.409595870749996,14.091560391815200,76.744659944366020,120.734200002243000
477,ES.SDGC.BU.1762627YJ2716D,2020/12/18 00:00:00.000,functional,1942/01/01 00:00:00.000,1942/01/01 00:00:00.000, ,https://www1.sedecatastro.gob.es/CYCBienInmueble/OVCListaBienes.aspx?rc1=1762627&rc2=YJ2716D,1762627YJ2716D,1762627YJ2716D,ES.SDGC.BU,0.100000000000000,m,footPrint,1,1_residential,1,1, ,http://ovc.catastro.meh.es/OVCServWeb/OVCWcfLibres/OVCFotoFachada.svc/RecuperarFotoFachadaGet?ReferenciaCatastral=1762627YJ2716D,jpeg,NotOfficial,grossFloorArea,123,m2,56.250000000000000,954.590955946000008,53.695741271962497,7.388533999022039,68.339393567040631,122.945950007235822
478,ES.SDGC.BU.1762628YJ2716D,2020/12/18 00:00:00.000,functional,1942/01/01 00:00:00.000,1942/01/01 00:00:00.000, ,https://www1.sedecatastro.gob.es/CYCBienInmueble/OVCListaBienes.aspx?rc1=1762628&rc2=YJ2716D,1762628YJ2716D,1762628YJ2716D,ES.SDGC.BU,0.100000000000000,m,footPrint,1,1_residential,2,2, ,http://ovc.catastro.meh.es/OVCServWeb/OVCWcfLibres/OVCFotoFachada.svc/RecuperarFotoFachadaGet?ReferenciaCatastral=1762628YJ2716D,jpeg,NotOfficial,grossFloorArea,229,m2,12.500000000000000,933.155029297000056,11.664437866212500,1.605026650390840,76.080258643143537,126.121400013246017
479,ES.SDGC.BU.1762629YJ2716D,2020/12/18 00:00:00.000,functional,1972/01/01 00:00:00.000,1972/01/01 00:00:00.000, ,https://www1.sedecatastro.gob.es/CYCBienInmueble/OVCListaBienes.aspx?rc1=1762629&rc2=YJ2716D,1762629YJ2716D,1762629YJ2716D,ES.SDGC.BU,0.100000000000000,m,footPrint,1,1_residential,8,6, ,http://ovc.catastro.meh.es/OVCServWeb/OVCWcfLibres/OVCFotoFachada.svc/RecuperarFotoFachadaGet?ReferenciaCatastral=1762629YJ2716D,jpeg,NotOfficial,grossFloorArea,709,m2,106.250000000000000,1237.908346740000070,131.527761841124999,18.098220029338801,69.656191186442186,231.300342500515313
480,ES.SDGC.BU.1762630YJ2716D,2020/12/18 00:00:00.000,functional,1993/01/01 00:00:00.000,1993/01/01 00:00:00.000, ,https://www1.sedecatastro.gob.es/CYCBienInmueble/OVCListaBienes.aspx?rc1=1762630&rc2=YJ2716D,1762630YJ2716D,1762630YJ2716D,ES.SDGC.BU,0.100000000000000,m,footPrint,1,1_residential,1,1, ,http://ovc.catastro.meh.es/OVCServWeb/OVCWcfLibres/OVCFotoFachada.svc/RecuperarFotoFachadaGet?ReferenciaCatastral=1762630YJ2716D,jpeg,NotOfficial,grossFloorArea,302,m2,143.750000000000000,1195.451888370000006,171.846208953187499,23.646038351958598,76.635488691610661,295.264652496984525
481,ES.SDGC.BU.1762631YJ2716B,2020/12/18 00:00:00.000,functional,1986/01/01 00:00:00.000,1986/01/01 00:00:00.000, ,https://www1.sedecatastro.gob.es/CYCBienInmueble/OVCListaBienes.aspx?rc1=1762631&rc2=YJ2716B,1762631YJ2716B,1762631YJ2716B,ES.SDGC.BU,0.100000000000000,m,footPrint,1,3_industrial,1,0, ,http://ovc.catastro.meh.es/OVCServWeb/OVCWcfLibres/OVCFotoFachada.svc/RecuperarFotoFachadaGet?ReferenciaCatastral=1762631YJ2716B,jpeg,NotOfficial,grossFloorArea,574,m2,462.500000000000000,1127.887704389999953,521.648063280375027,71.778773507379611,120.876583337369780,573.612350019517976
482,ES.SDGC.BU.1762632YJ2716B,2020/12/18 00:00:00.000,functional,1984/01/01 00:00:00.000,1984/01/01 00:00:00.000, ,https://www1.sedecatastro.gob.es/CYCBienInmueble/OVCListaBienes.aspx?rc1=1762632&rc2=YJ2716B,1762632YJ2716B,1762632YJ2716B,ES.SDGC.BU,0.100000000000000,m,footPrint,1,4_1_office,3,2, ,http://ovc.catastro.meh.es/OVCServWeb/OVCWcfLibres/OVCFotoFachada.svc/RecuperarFotoFachadaGet?ReferenciaCatastral=1762632YJ2716B,jpeg,NotOfficial,grossFloorArea,1351,m2,525.000000000000000,1117.551433739999993,586.714502713499996,80.731915573377591,155.880150809845304,729.215100403456631
483,ES.SDGC.BU.1762633YJ2716B,2020/12/18 00:00:00.000,functional,1996/01/01 00:00:00.000,1996/01/01 00:00:00.000, ,https://www1.sedecatastro.gob.es/CYCBienInmueble/OVCListaBienes.aspx?rc1=1762633&rc2=YJ2716B,1762633YJ2716B,1762633YJ2716B,ES.SDGC.BU,0.100000000000000,m,footPrint,1,1_residential,1,1, ,http://ovc.catastro.meh.es/OVCServWeb/OVCWcfLibres/OVCFotoFachada.svc/RecuperarFotoFachadaGet?ReferenciaCatastral=1762633YJ2716B,jpeg,NotOfficial,grossFloorArea,312,m2,62.500000000000000,1128.310021969999980,70.519376373124999,9.703466188942000,45.177388844314045,117.850550003905596
484,ES.SDGC.BU.1762634YJ2716B,2020/12/18 00:00:00.000,functional,1996/01/01 00:00:00.000,1996/01/01 00:00:00.000, ,https://www1.sedecatastro.gob.es/CYCBienInmueble/OVCListaBienes.aspx?rc1=1762634&rc2=YJ2716B,1762634YJ2716B,1762634YJ2716B,ES.SDGC.BU,0.100000000000000,m,footPrint,1,1_residential,1,1, ,http://ovc.catastro.meh.es/OVCServWeb/OVCWcfLibres/OVCFotoFachada.svc/RecuperarFotoFachadaGet?ReferenciaCatastral=1762634YJ2716B,jpeg,NotOfficial,grossFloorArea,295,m2,68.750000000000000,1111.723377569999911,76.430982207937504,10.516903151812201,46.027887824243926,111.304075850521727
485,ES.SDGC.BU.1762635YJ2716B,2020/12/18 00:00:00.000,functional,2005/01/01 00:00:00.000,2005/01/01 00:00:00.000, ,https://www1.sedecatastro.gob.es/CYCBienInmueble/OVCListaBienes.aspx?rc1=1762635&rc2=YJ2716B,1762635YJ2716B,1762635YJ2716B,ES.SDGC.BU,0.100000000000000,m,footPrint,1,1_residential,1,1, ,http://ovc.catastro.meh.es/OVCServWeb/OVCWcfLibres/OVCFotoFachada.svc/RecuperarFotoFachadaGet?ReferenciaCatastral=1762635YJ2716B,jpeg,NotOfficial,grossFloorArea,227,m2,37.500000000000000,992.741099039999995,37.227791214000000,5.122544071046400,41.882508751820041,102.681059781658107
486,ES.SDGC.BU.1762636YJ2716B,2020/12/18 00:00:00.000,functional,1978/01/01 00:00:00.000,1978/01/01 00:00:00.000, ,https://www1.sedecatastro.gob.es/CYCBienInmueble/OVCListaBienes.aspx?rc1=1762636&rc2=YJ2716B,1762636YJ2716B,1762636YJ2716B,ES.SDGC.BU,0.100000000000000,m,footPrint,1,1_residential,10,8, ,http://ovc.catastro.meh.es/OVCServWeb/OVCWcfLibres/OVCFotoFachada.svc/RecuperarFotoFachadaGet?ReferenciaCatastral=1762636YJ2716B,jpeg,NotOfficial,grossFloorArea,1377,m2,131.250000000000000,1134.707522440000048,148.930362320250026,20.492817855266406,69.433187826805721,298.496243473346794
487,ES.SDGC.BU.1762637YJ2716B,2020/12/18 00:00:00.000,functional,1976/01/01 00:00:00.000,1976/01/01 00:00:00.000, ,https://www1.sedecatastro.gob.es/CYCBienInmueble/OVCListaBienes.aspx?rc1=1762637&rc2=YJ2716B,1762637YJ2716B,1762637YJ2716B,ES.SDGC.BU,0.100000000000000,m,footPrint,1,1_residential,10,8, ,http://ovc.catastro.meh.es/OVCServWeb/OVCWcfLibres/OVCFotoFachada.svc/RecuperarFotoFachadaGet?ReferenciaCatastral=1762637YJ2716B,jpeg,NotOfficial,grossFloorArea,1163,m2,150.000000000000000,1110.708480830000099,166.606272124500009,22.925023044331201,90.339441097555707,327.156232510483278
488,ES.SDGC.BU.1762638YJ2716B,2020/12/18 00:00:00.000,functional,1940/01/01 00:00:00.000,1940/01/01 00:00:00.000, ,https://www1.sedecatastro.gob.es/CYCBienInmueble/OVCListaBienes.aspx?rc1=1762638&rc2=YJ2716B,1762638YJ2716B,1762638YJ2716B,ES.SDGC.BU,0.100000000000000,m,footPrint,1,1_residential,1,1, ,http://ovc.catastro.meh.es/OVCServWeb/OVCWcfLibres/OVCFotoFachada.svc/RecuperarFotoFachadaGet?ReferenciaCatastral=1762638YJ2716B,jpeg,NotOfficial,grossFloorArea,143,m2,87.500000000000000,1117.099016460000030,97.746163940250000,13.449872158178399,71.014910877833927,143.029850005934549
489,ES.SDGC.BU.1762639YJ2716B,2020/12/18 00:00:00.000,functional,1992/01/01 00:00:00.000,1992/01/01 00:00:00.000, ,https://www1.sedecatastro.gob.es/CYCBienInmueble/OVCListaBienes.aspx?rc1=1762639&rc2=YJ2716B,1762639YJ2716B,1762639YJ2716B,ES.SDGC.BU,0.100000000000000,m,footPrint,1,1_residential,1,1, ,http://ovc.catastro.meh.es/OVCServWeb/OVCWcfLibres/OVCFotoFachada.svc/RecuperarFotoFachadaGet?ReferenciaCatastral=1762639YJ2716B,jpeg,NotOfficial,grossFloorArea,211,m2,56.250000000000000,1122.713094080000019,63.152611541999995,8.689799348179198,45.456435326599426,111.279600000842109
490,ES.SDGC.BU.1762640YJ2716B,2020/12/18 00:00:00.000,functional,1940/01/01 00:00:00.000,2000/01/01 00:00:00.000, ,https://www1.sedecatastro.gob.es/CYCBienInmueble/OVCListaBienes.aspx?rc1=1762640&rc2=YJ2716B,1762640YJ2716B,1762640YJ2716B,ES.SDGC.BU,0.100000000000000,m,footPrint,1,1_residential,1,1, ,http://ovc.catastro.meh.es/OVCServWeb/OVCWcfLibres/OVCFotoFachada.svc/RecuperarFotoFachadaGet?ReferenciaCatastral=1762640YJ2716B,jpeg,NotOfficial,grossFloorArea,159,m2,43.750000000000000,1105.418326239999942,48.362051772999997,6.654618323964800,73.523505409665461,158.281782772529851
491,ES.SDGC.BU.1762641YJ2716B,2020/12/18 00:00:00.000,functional,1993/01/01 00:00:00.000,1993/01/01 00:00:00.000, ,https://www1.sedecatastro.gob.es/CYCBienInmueble/OVCListaBienes.aspx?rc1=1762641&rc2=YJ2716B,1762641YJ2716B,1762641YJ2716B,ES.SDGC.BU,0.100000000000000,m,footPrint,1,1_residential,1,1, ,http://ovc.catastro.meh.es/OVCServWeb/OVCWcfLibres/OVCFotoFachada.svc/RecuperarFotoFachadaGet?ReferenciaCatastral=1762641YJ2716B,jpeg,NotOfficial,grossFloorArea,367,m2,118.750000000000000,1222.904476769999974,145.219906616437498,19.982259150421800,54.585328056511045,182.702699991758180
492,ES.SDGC.BU.1762642YJ2716B,2020/12/18 00:00:00.000,functional,2006/01/01 00:00:00.000,2006/01/01 00:00:00.000, ,https://www1.sedecatastro.gob.es/CYCBienInmueble/OVCListaBienes.aspx?rc1=1762642&rc2=YJ2716B,1762642YJ2716B,1762642YJ2716B,ES.SDGC.BU,0.100000000000000,m,footPrint,1,1_residential,1,1, ,http://ovc.catastro.meh.es/OVCServWeb/OVCWcfLibres/OVCFotoFachada.svc/RecuperarFotoFachadaGet?ReferenciaCatastral=1762642YJ2716B,jpeg,NotOfficial,grossFloorArea,451,m2,156.250000000000000,1154.271203609999930,180.354875564062496,24.816830877614997,59.515886074038157,205.217983412104644
493,ES.SDGC.BU.1762643YJ2716B,2020/12/18 00:00:00.000,functional,2005/01/01 00:00:00.000,2005/01/01 00:00:00.000, ,https://www1.sedecatastro.gob.es/CYCBienInmueble/OVCListaBienes.aspx?rc1=1762643&rc2=YJ2716B,1762643YJ2716B,1762643YJ2716B,ES.SDGC.BU,0.100000000000000,m,footPrint,1,1_residential,1,1, ,http://ovc.catastro.meh.es/OVCServWeb/OVCWcfLibres/OVCFotoFachada.svc/RecuperarFotoFachadaGet?ReferenciaCatastral=1762643YJ2716B,jpeg,NotOfficial,grossFloorArea,466,m2,150.000000000000000,1167.228782650000085,175.084317397500001,24.091602073896002,60.710972313910510,211.138674075525813
494,ES.SDGC.BU.1853607YJ2715D,2020/12/18 00:00:00.000,functional,1940/01/01 00:00:00.000,1940/01/01 00:00:00.000, ,https://www1.sedecatastro.gob.es/CYCBienInmueble/OVCListaBienes.aspx?rc1=1853607&rc2=YJ2715D,1853607YJ2715D,1853607YJ2715D,ES.SDGC.BU,0.100000000000000,m,footPrint,1,3_industrial,1,0, ,http://ovc.catastro.meh.es/OVCServWeb/OVCWcfLibres/OVCFotoFachada.svc/RecuperarFotoFachadaGet?ReferenciaCatastral=1853607YJ2715D,jpeg,NotOfficial,grossFloorArea,79,m2,56.250000000000000,1146.979892309999968,64.517618942437494,8.877624366479399,26.152242470535455,2.562723871785180
495,ES.SDGC.BU.1853608YJ2715D,2020/12/18 00:00:00.000,functional,1920/01/01 00:00:00.000,1920/01/01 00:00:00.000, ,https://www1.sedecatastro.gob.es/CYCBienInmueble/OVCListaBienes.aspx?rc1=1853608&rc2=YJ2715D,1853608YJ2715D,1853608YJ2715D,ES.SDGC.BU,0.100000000000000,m,footPrint,1,1_residential,1,1, ,http://ovc.catastro.meh.es/OVCServWeb/OVCWcfLibres/OVCFotoFachada.svc/RecuperarFotoFachadaGet?ReferenciaCatastral=1853608YJ2715D,jpeg,NotOfficial,grossFloorArea,119,m2,18.750000000000000,832.348205566000047,15.606528854362502,2.147458370360281,33.475927356797349,4.944322785175451
496,ES.SDGC.BU.1853701YJ2715D,2020/12/18 00:00:00.000,functional,1956/01/01 00:00:00.000,1956/01/01 00:00:00.000, ,https://www1.sedecatastro.gob.es/CYCBienInmueble/OVCListaBienes.aspx?rc1=1853701&rc2=YJ2715D,1853701YJ2715D,1853701YJ2715D,ES.SDGC.BU,0.100000000000000,m,footPrint,1,1_residential,1,1, ,http://ovc.catastro.meh.es/OVCServWeb/OVCWcfLibres/OVCFotoFachada.svc/RecuperarFotoFachadaGet?ReferenciaCatastral=1853701YJ2715D,jpeg,NotOfficial,grossFloorArea,152,m2,18.750000000000000,932.648274740000033,17.487155151375003,2.406232548829200,14.574930634265167,5.368048802050797
497,ES.SDGC.BU.1853702YJ2715D,2020/12/18 00:00:00.000,functional,1975/01/01 00:00:00.000,1975/01/01 00:00:00.000, ,https://www1.sedecatastro.gob.es/CYCBienInmueble/OVCListaBienes.aspx?rc1=1853702&rc2=YJ2715D,1853702YJ2715D,1853702YJ2715D,ES.SDGC.BU,0.100000000000000,m,footPrint,1,1_residential,5,4, ,http://ovc.catastro.meh.es/OVCServWeb/OVCWcfLibres/OVCFotoFachada.svc/RecuperarFotoFachadaGet?ReferenciaCatastral=1853702YJ2715D,jpeg,NotOfficial,grossFloorArea,696,m2,56.250000000000000,1221.081081809999887,68.685810851812491,9.451167573209398,18.587719312283316,7.027171980045790
498,ES.SDGC.BU.1853703YJ2715D,2020/12/18 00:00:00.000,functional,1889/01/01 00:00:00.000,1889/01/01 00:00:00.000, ,https://www1.sedecatastro.gob.es/CYCBienInmueble/OVCListaBienes.aspx?rc1=1853703&rc2=YJ2715D,1853703YJ2715D,1853703YJ2715D,ES.SDGC.BU,0.100000000000000,m,footPrint,1,1_residential,1,1, ,http://ovc.catastro.meh.es/OVCServWeb/OVCWcfLibres/OVCFotoFachada.svc/RecuperarFotoFachadaGet?ReferenciaCatastral=1853703YJ2715D,jpeg,NotOfficial,grossFloorArea,250,m2,68.750000000000000,1216.675781250000000,83.646459960937506,11.509752890625000,18.476279584410033,6.986330523501590
499,ES.SDGC.BU.1853704YJ2715D,2020/12/18 00:00:00.000,functional,1889/01/01 00:00:00.000,1889/01/01 00:00:00.000, ,https://www1.sedecatastro.gob.es/CYCBienInmueble/OVCListaBienes.aspx?rc1=1853704&rc2=YJ2715D,1853704YJ2715D,1853704YJ2715D,ES.SDGC.BU,0.100000000000000,m,footPrint,1,1_residential,1,1, ,http://ovc.catastro.meh.es/OVCServWeb/OVCWcfLibres/OVCFotoFachada.svc/RecuperarFotoFachadaGet?ReferenciaCatastral=1853704YJ2715D,jpeg,NotOfficial,grossFloorArea,255,m2,118.750000000000000,1184.419568510000090,140.649823760562526,19.353415749453401,28.058407680128042,10.966361368392985
500,ES.SDGC.BU.1853706YJ2715D,2020/12/18 00:00:00.000,functional,1889/01/01 00:00:00.000,1889/01/01 00:00:00.000, ,https://www1.sedecatastro.gob.es/CYCBienInmueble/OVCListaBienes.aspx?rc1=1853706&rc2=YJ2715D,1853706YJ2715D,1853706YJ2715D,ES.SDGC.BU,0.100000000000000,m,footPrint,1,1_residential,1,1, ,http://ovc.catastro.meh.es/OVCServWeb/OVCWcfLibres/OVCFotoFachada.svc/RecuperarFotoFachadaGet?ReferenciaCatastral=1853706YJ2715D,jpeg,NotOfficial,grossFloorArea,153,m2,125.000000000000000,1198.419885250000107,149.802485656250013,20.612822026300002,47.128808551865866,18.737892322773710
501,ES.SDGC.BU.1853707YJ2715D,2020/12/18 00:00:00.000,declined,1970/01/01 00:00:00.000,1970/01/01 00:00:00.000, ,https://www1.sedecatastro.gob.es/CYCBienInmueble/OVCListaBienes.aspx?rc1=1853707&rc2=YJ2715D,1853707YJ2715D,1853707YJ2715D,ES.SDGC.BU,0.100000000000000,m,footPrint,1,3_industrial,1,0, ,http://ovc.catastro.meh.es/OVCServWeb/OVCWcfLibres/OVCFotoFachada.svc/RecuperarFotoFachadaGet?ReferenciaCatastral=1853707YJ2715D,jpeg,NotOfficial,grossFloorArea,48,m2,6.250000000000000,1264.419677730000103,7.902622985812501,1.087400922847800,41.561498208176403,46.872748953685829
502,ES.SDGC.BU.1853709YJ2715D,2020/12/18 00:00:00.000,functional,1920/01/01 00:00:00.000,1920/01/01 00:00:00.000, ,https://www1.sedecatastro.gob.es/CYCBienInmueble/OVCListaBienes.aspx?rc1=1853709&rc2=YJ2715D,1853709YJ2715D,1853709YJ2715D,ES.SDGC.BU,0.100000000000000,m,footPrint,1,3_industrial,1,0, ,http://ovc.catastro.meh.es/OVCServWeb/OVCWcfLibres/OVCFotoFachada.svc/RecuperarFotoFachadaGet?ReferenciaCatastral=1853709YJ2715D,jpeg,NotOfficial,grossFloorArea,185,m2,31.250000000000000,1169.881616209999947,36.558800506562498,5.030490949703000,68.920451906495046,147.926450001681417
503,ES.SDGC.BU.1853801YJ2715D,2020/12/22 00:00:00.000,functional,1967/01/01 00:00:00.000,1967/01/01 00:00:00.000, ,https://www1.sedecatastro.gob.es/CYCBienInmueble/OVCListaBienes.aspx?rc1=1853801&rc2=YJ2715D,1853801YJ2715D,1853801YJ2715D,ES.SDGC.BU,0.100000000000000,m,footPrint,1,1_residential,1,1, ,http://ovc.catastro.meh.es/OVCServWeb/OVCWcfLibres/OVCFotoFachada.svc/RecuperarFotoFachadaGet?ReferenciaCatastral=1853801YJ2715D,jpeg,NotOfficial,grossFloorArea,78,m2,43.750000000000000,1211.742135180000105,53.013718414125002,7.294687653783599,37.725095251823731,69.990903498866246
504,ES.SDGC.BU.1853802YJ2715D,2020/12/22 00:00:00.000,functional,1967/01/01 00:00:00.000,1967/01/01 00:00:00.000, ,https://www1.sedecatastro.gob.es/CYCBienInmueble/OVCListaBienes.aspx?rc1=1853802&rc2=YJ2715D,1853802YJ2715D,1853802YJ2715D,ES.SDGC.BU,0.100000000000000,m,footPrint,1,1_residential,1,1, ,http://ovc.catastro.meh.es/OVCServWeb/OVCWcfLibres/OVCFotoFachada.svc/RecuperarFotoFachadaGet?ReferenciaCatastral=1853802YJ2715D,jpeg,NotOfficial,grossFloorArea,77,m2,62.500000000000000,1127.758935549999933,70.484933471874996,9.698726845730000,36.967620531764929,66.400705503129842
505,ES.SDGC.BU.1853803YJ2715D,2020/12/22 00:00:00.000,functional,1960/01/01 00:00:00.000,1960/01/01 00:00:00.000, ,https://www1.sedecatastro.gob.es/CYCBienInmueble/OVCListaBienes.aspx?rc1=1853803&rc2=YJ2715D,1853803YJ2715D,1853803YJ2715D,ES.SDGC.BU,0.100000000000000,m,footPrint,1,1_residential,2,2, ,http://ovc.catastro.meh.es/OVCServWeb/OVCWcfLibres/OVCFotoFachada.svc/RecuperarFotoFachadaGet?ReferenciaCatastral=1853803YJ2715D,jpeg,NotOfficial,grossFloorArea,120,m2,25.000000000000000,1150.668365479999920,28.766709136999999,3.958299177251200,30.998591513558861,60.026485004183712
506,ES.SDGC.BU.1853806YJ2715D,2020/12/22 00:00:00.000,functional,1910/01/01 00:00:00.000,1910/01/01 00:00:00.000, ,https://www1.sedecatastro.gob.es/CYCBienInmueble/OVCListaBienes.aspx?rc1=1853806&rc2=YJ2715D,1853806YJ2715D,1853806YJ2715D,ES.SDGC.BU,0.100000000000000,m,footPrint,1,3_industrial,1,0, ,http://ovc.catastro.meh.es/OVCServWeb/OVCWcfLibres/OVCFotoFachada.svc/RecuperarFotoFachadaGet?ReferenciaCatastral=1853806YJ2715D,jpeg,NotOfficial,grossFloorArea,158,m2,68.750000000000000,1060.201449310000044,72.888849640062503,10.029505710472600,39.149991697724616,90.451071620375302
507,ES.SDGC.BU.1853807YJ2715D,2020/12/22 00:00:00.000,functional,1910/01/01 00:00:00.000,1910/01/01 00:00:00.000, ,https://www1.sedecatastro.gob.es/CYCBienInmueble/OVCListaBienes.aspx?rc1=1853807&rc2=YJ2715D,1853807YJ2715D,1853807YJ2715D,ES.SDGC.BU,0.100000000000000,m,footPrint,1,3_industrial,1,0, ,http://ovc.catastro.meh.es/OVCServWeb/OVCWcfLibres/OVCFotoFachada.svc/RecuperarFotoFachadaGet?ReferenciaCatastral=1853807YJ2715D,jpeg,NotOfficial,grossFloorArea,124,m2,43.750000000000000,1063.459184920000098,46.526339340250004,6.402024293218401,48.540040382936681,19.203352829969244
508,ES.SDGC.BU.1853808YJ2715D,2020/12/22 00:00:00.000,functional,1965/01/01 00:00:00.000,1965/01/01 00:00:00.000, ,https://www1.sedecatastro.gob.es/CYCBienInmueble/OVCListaBienes.aspx?rc1=1853808&rc2=YJ2715D,1853808YJ2715D,1853808YJ2715D,ES.SDGC.BU,0.100000000000000,m,footPrint,1,1_residential,1,1, ,http://ovc.catastro.meh.es/OVCServWeb/OVCWcfLibres/OVCFotoFachada.svc/RecuperarFotoFachadaGet?ReferenciaCatastral=1853808YJ2715D,jpeg,NotOfficial,grossFloorArea,166,m2,31.250000000000000,1036.541894530000036,32.391934204062501,4.457130146479000,15.095801204219743,6.903968310365967
509,ES.SDGC.BU.1853819YJ2715D,2020/12/22 00:00:00.000,functional,1978/01/01 00:00:00.000,1978/01/01 00:00:00.000, ,https://www1.sedecatastro.gob.es/CYCBienInmueble/OVCListaBienes.aspx?rc1=1853819&rc2=YJ2715D,1853819YJ2715D,1853819YJ2715D,ES.SDGC.BU,0.100000000000000,m,footPrint,1,1_residential,11,8, ,http://ovc.catastro.meh.es/OVCServWeb/OVCWcfLibres/OVCFotoFachada.svc/RecuperarFotoFachadaGet?ReferenciaCatastral=1853819YJ2715D,jpeg,NotOfficial,grossFloorArea,1053,m2,93.750000000000000,1148.443530270000110,107.666580962812517,14.814921540483002,6.895623559759516,1.626861946012557
510,ES.SDGC.BU.1853821YJ2715D,2020/12/22 00:00:00.000,declined,1889/01/01 00:00:00.000,1889/01/01 00:00:00.000, ,https://www1.sedecatastro.gob.es/CYCBienInmueble/OVCListaBienes.aspx?rc1=1853821&rc2=YJ2715D,1853821YJ2715D,1853821YJ2715D,ES.SDGC.BU,0.100000000000000,m,footPrint,1,1_residential,1,1, ,http://ovc.catastro.meh.es/OVCServWeb/OVCWcfLibres/OVCFotoFachada.svc/RecuperarFotoFachadaGet?ReferenciaCatastral=1853821YJ2715D,jpeg,NotOfficial,grossFloorArea,190,m2,18.750000000000000,1224.061157229999935,22.951146698062498,3.158077785653400,58.670903256431700,95.271499997893358
511,ES.SDGC.BU.1855901YJ2715F,2020/12/18 00:00:00.000,functional,1982/01/01 00:00:00.000,1982/01/01 00:00:00.000, ,https://www1.sedecatastro.gob.es/CYCBienInmueble/OVCListaBienes.aspx?rc1=1855901&rc2=YJ2715F,1855901YJ2715F,1855901YJ2715F,ES.SDGC.BU,0.100000000000000,m,footPrint,1,1_residential,20,15, ,http://ovc.catastro.meh.es/OVCServWeb/OVCWcfLibres/OVCFotoFachada.svc/RecuperarFotoFachadaGet?ReferenciaCatastral=1855901YJ2715F,jpeg,NotOfficial,grossFloorArea,1938,m2,187.500000000000000,1106.232796219999955,207.418649291249977,28.540806142475997,75.709924659080329,342.514949993059190
512,ES.SDGC.BU.1855902YJ2715F,2020/12/18 00:00:00.000,functional,1971/01/01 00:00:00.000,1971/01/01 00:00:00.000, ,https://www1.sedecatastro.gob.es/CYCBienInmueble/OVCListaBienes.aspx?rc1=1855902&rc2=YJ2715F,1855902YJ2715F,1855902YJ2715F,ES.SDGC.BU,0.100000000000000,m,footPrint,1,1_residential,63,56, ,http://ovc.catastro.meh.es/OVCServWeb/OVCWcfLibres/OVCFotoFachada.svc/RecuperarFotoFachadaGet?ReferenciaCatastral=1855902YJ2715F,jpeg,NotOfficial,grossFloorArea,6818,m2,1018.750000000000000,1149.659306250000100,1171.215418242187752,161.159241550125046,258.507356621777376,1819.458442506840356
513,ES.SDGC.BU.1855903YJ2715F,2020/12/18 00:00:00.000,functional,1995/01/01 00:00:00.000,1995/01/01 00:00:00.000, ,https://www1.sedecatastro.gob.es/CYCBienInmueble/OVCListaBienes.aspx?rc1=1855903&rc2=YJ2715F,1855903YJ2715F,1855903YJ2715F,ES.SDGC.BU,0.100000000000000,m,footPrint,1,4_3_publicServices,1,0, ,http://ovc.catastro.meh.es/OVCServWeb/OVCWcfLibres/OVCFotoFachada.svc/RecuperarFotoFachadaGet?ReferenciaCatastral=1855903YJ2715F,jpeg,NotOfficial,grossFloorArea,1235,m2,268.750000000000000,1160.615698529999918,311.915468979937486,42.919568531639399,148.184802094527100,545.864774992130151
514,ES.SDGC.BU.1855904YJ2715F,2020/12/18 00:00:00.000,functional,1940/01/01 00:00:00.000,1940/01/01 00:00:00.000, ,https://www1.sedecatastro.gob.es/CYCBienInmueble/OVCListaBienes.aspx?rc1=1855904&rc2=YJ2715F,1855904YJ2715F,1855904YJ2715F,ES.SDGC.BU,0.100000000000000,m,footPrint,1,1_residential,1,1, ,http://ovc.catastro.meh.es/OVCServWeb/OVCWcfLibres/OVCFotoFachada.svc/RecuperarFotoFachadaGet?ReferenciaCatastral=1855904YJ2715F,jpeg,NotOfficial,grossFloorArea,151,m2,43.750000000000000,1088.034702850000031,47.601518249687501,6.549968911157000,66.774395080081888,124.335949999622258
515,ES.SDGC.BU.1855905YJ2715F,2020/12/18 00:00:00.000,functional,1991/01/01 00:00:00.000,1991/01/01 00:00:00.000, ,https://www1.sedecatastro.gob.es/CYCBienInmueble/OVCListaBienes.aspx?rc1=1855905&rc2=YJ2715F,1855905YJ2715F,1855905YJ2715F,ES.SDGC.BU,0.100000000000000,m,footPrint,1,1_residential,1,1, ,http://ovc.catastro.meh.es/OVCServWeb/OVCWcfLibres/OVCFotoFachada.svc/RecuperarFotoFachadaGet?ReferenciaCatastral=1855905YJ2715F,jpeg,NotOfficial,grossFloorArea,421,m2,75.000000000000000,1080.920694989999902,81.069052124249993,11.155101572296799,59.337384217219281,182.372449988118575
516,ES.SDGC.BU.1855906YJ2715F,2020/12/18 00:00:00.000,functional,1950/01/01 00:00:00.000,1950/01/01 00:00:00.000, ,https://www1.sedecatastro.gob.es/CYCBienInmueble/OVCListaBienes.aspx?rc1=1855906&rc2=YJ2715F,1855906YJ2715F,1855906YJ2715F,ES.SDGC.BU,0.100000000000000,m,footPrint,1,1_residential,1,1, ,http://ovc.catastro.meh.es/OVCServWeb/OVCWcfLibres/OVCFotoFachada.svc/RecuperarFotoFachadaGet?ReferenciaCatastral=1855906YJ2715F,jpeg,NotOfficial,grossFloorArea,263,m2,43.750000000000000,1142.951259070000106,50.004117584312503,6.880566579601400,57.008637235989092,113.375150005250603
517,ES.SDGC.BU.1855907YJ2715F,2020/12/18 00:00:00.000,functional,1970/01/01 00:00:00.000,1970/01/01 00:00:00.000, ,https://www1.sedecatastro.gob.es/CYCBienInmueble/OVCListaBienes.aspx?rc1=1855907&rc2=YJ2715F,1855907YJ2715F,1855907YJ2715F,ES.SDGC.BU,0.100000000000000,m,footPrint,1,1_residential,3,3, ,http://ovc.catastro.meh.es/OVCServWeb/OVCWcfLibres/OVCFotoFachada.svc/RecuperarFotoFachadaGet?ReferenciaCatastral=1855907YJ2715F,jpeg,NotOfficial,grossFloorArea,294,m2,31.250000000000000,973.023291016000030,30.406977844250001,4.184000151368799,48.973860478196215,100.345749999933872
518,ES.SDGC.BU.1855908YJ2715D,2020/12/18 00:00:00.000,functional,1970/01/01 00:00:00.000,1970/01/01 00:00:00.000, ,https://www1.sedecatastro.gob.es/CYCBienInmueble/OVCListaBienes.aspx?rc1=1855908&rc2=YJ2715D,1855908YJ2715D,1855908YJ2715D,ES.SDGC.BU,0.100000000000000,m,footPrint,1,1_residential,35,32, ,http://ovc.catastro.meh.es/OVCServWeb/OVCWcfLibres/OVCFotoFachada.svc/RecuperarFotoFachadaGet?ReferenciaCatastral=1855908YJ2715D,jpeg,NotOfficial,grossFloorArea,2430,m2,275.000000000000000,1179.183116570000038,324.275357056750011,44.620289131008803,107.376610339859383,449.345987515132435
519,ES.SDGC.BU.1855909YJ2715F,2020/10/29 00:00:00.000,functional,1981/01/01 00:00:00.000,1981/01/01 00:00:00.000, ,https://www1.sedecatastro.gob.es/CYCBienInmueble/OVCListaBienes.aspx?rc1=1855909&rc2=YJ2715F,1855909YJ2715F,1855909YJ2715F,ES.SDGC.BU,0.100000000000000,m,footPrint,1,1_residential,12,10, ,http://ovc.catastro.meh.es/OVCServWeb/OVCWcfLibres/OVCFotoFachada.svc/RecuperarFotoFachadaGet?ReferenciaCatastral=1855909YJ2715F,jpeg,NotOfficial,grossFloorArea,1245,m2,68.750000000000000,1119.813249069999983,76.987160873562502,10.593433336202200,60.336618239691937,223.020239997503097
520,ES.SDGC.BU.1855910YJ2715F,2020/12/18 00:00:00.000,declined,1930/01/01 00:00:00.000,1930/01/01 00:00:00.000, ,https://www1.sedecatastro.gob.es/CYCBienInmueble/OVCListaBienes.aspx?rc1=1855910&rc2=YJ2715F,1855910YJ2715F,1855910YJ2715F,ES.SDGC.BU,0.100000000000000,m,footPrint,1,3_industrial,1,0, ,http://ovc.catastro.meh.es/OVCServWeb/OVCWcfLibres/OVCFotoFachada.svc/RecuperarFotoFachadaGet?ReferenciaCatastral=1855910YJ2715F,jpeg,NotOfficial,grossFloorArea,56,m2,6.250000000000000,1059.405151370000112,6.621282196062500,0.911088430178200,35.463257165932546,56.088250003430993
521,ES.SDGC.BU.1855912YJ2715F,2020/12/18 00:00:00.000,functional,1930/01/01 00:00:00.000,1930/01/01 00:00:00.000, ,https://www1.sedecatastro.gob.es/CYCBienInmueble/OVCListaBienes.aspx?rc1=1855912&rc2=YJ2715F,1855912YJ2715F,1855912YJ2715F,ES.SDGC.BU,0.100000000000000,m,footPrint,1,3_industrial,1,0, ,http://ovc.catastro.meh.es/OVCServWeb/OVCWcfLibres/OVCFotoFachada.svc/RecuperarFotoFachadaGet?ReferenciaCatastral=1855912YJ2715F,jpeg,NotOfficial,grossFloorArea,85,m2,56.250000000000000,1109.963609480000059,62.435453033249999,8.591118337375200,45.243825390207981,84.497257499632497
522,ES.SDGC.BU.1856209YJ2715F,2020/12/18 00:00:00.000,functional,1943/01/01 00:00:00.000,1943/01/01 00:00:00.000, ,https://www1.sedecatastro.gob.es/CYCBienInmueble/OVCListaBienes.aspx?rc1=1856209&rc2=YJ2715F,1856209YJ2715F,1856209YJ2715F,ES.SDGC.BU,0.100000000000000,m,footPrint,1,1_residential,1,1, ,http://ovc.catastro.meh.es/OVCServWeb/OVCWcfLibres/OVCFotoFachada.svc/RecuperarFotoFachadaGet?ReferenciaCatastral=1856209YJ2715F,jpeg,NotOfficial,grossFloorArea,104,m2,50.000000000000000,1127.355209349999996,56.367760467499998,7.756203840327999,42.063566373886658,103.917050009300752
523,ES.SDGC.BU.1856210YJ2715F,2020/12/18 00:00:00.000,functional,1943/01/01 00:00:00.000,1943/01/01 00:00:00.000, ,https://www1.sedecatastro.gob.es/CYCBienInmueble/OVCListaBienes.aspx?rc1=1856210&rc2=YJ2715F,1856210YJ2715F,1856210YJ2715F,ES.SDGC.BU,0.100000000000000,m,footPrint,1,1_residential,1,1, ,http://ovc.catastro.meh.es/OVCServWeb/OVCWcfLibres/OVCFotoFachada.svc/RecuperarFotoFachadaGet?ReferenciaCatastral=1856210YJ2715F,jpeg,NotOfficial,grossFloorArea,104,m2,75.000000000000000,1178.563130700000102,88.392234802500013,12.162771508824001,42.066570040875234,103.818849998044399
524,ES.SDGC.BU.1856212YJ2715F,2020/12/18 00:00:00.000,functional,1997/01/01 00:00:00.000,1997/01/01 00:00:00.000, ,https://www1.sedecatastro.gob.es/CYCBienInmueble/OVCListaBienes.aspx?rc1=1856212&rc2=YJ2715F,1856212YJ2715F,1856212YJ2715F,ES.SDGC.BU,0.100000000000000,m,footPrint,1,4_3_publicServices,1,0, ,http://ovc.catastro.meh.es/OVCServWeb/OVCWcfLibres/OVCFotoFachada.svc/RecuperarFotoFachadaGet?ReferenciaCatastral=1856212YJ2715F,jpeg,NotOfficial,grossFloorArea,1133,m2,250.000000000000000,1176.618925479999916,294.154731369999979,40.475691036511996,131.447147785120052,500.514767399164327
525,ES.SDGC.BU.1856301YJ2715F,2020/10/29 00:00:00.000,functional,1998/01/01 00:00:00.000,1998/01/01 00:00:00.000, ,https://www1.sedecatastro.gob.es/CYCBienInmueble/OVCListaBienes.aspx?rc1=1856301&rc2=YJ2715F,1856301YJ2715F,1856301YJ2715F,ES.SDGC.BU,0.100000000000000,m,footPrint,1,1_residential,23,14, ,http://ovc.catastro.meh.es/OVCServWeb/OVCWcfLibres/OVCFotoFachada.svc/RecuperarFotoFachadaGet?ReferenciaCatastral=1856301YJ2715F,jpeg,NotOfficial,grossFloorArea,1726,m2,112.500000000000000,1168.756676570000081,131.485126114125023,18.092353353303601,70.250827885558820,275.012849991323037
526,ES.SDGC.BU.1856302YJ2715F,2020/12/18 00:00:00.000,functional,1967/01/01 00:00:00.000,1967/01/01 00:00:00.000, ,https://www1.sedecatastro.gob.es/CYCBienInmueble/OVCListaBienes.aspx?rc1=1856302&rc2=YJ2715F,1856302YJ2715F,1856302YJ2715F,ES.SDGC.BU,0.100000000000000,m,footPrint,1,1_residential,9,9, ,http://ovc.catastro.meh.es/OVCServWeb/OVCWcfLibres/OVCFotoFachada.svc/RecuperarFotoFachadaGet?ReferenciaCatastral=1856302YJ2715F,jpeg,NotOfficial,grossFloorArea,724,m2,56.250000000000000,1049.791937929999904,59.050796508562499,8.125389599578199,69.813504382906785,166.431819995192654
527,ES.SDGC.BU.1856303YJ2715F,2020/12/18 00:00:00.000,functional,1967/01/01 00:00:00.000,1967/01/01 00:00:00.000, ,https://www1.sedecatastro.gob.es/CYCBienInmueble/OVCListaBienes.aspx?rc1=1856303&rc2=YJ2715F,1856303YJ2715F,1856303YJ2715F,ES.SDGC.BU,0.100000000000000,m,footPrint,1,1_residential,4,3, ,http://ovc.catastro.meh.es/OVCServWeb/OVCWcfLibres/OVCFotoFachada.svc/RecuperarFotoFachadaGet?ReferenciaCatastral=1856303YJ2715F,jpeg,NotOfficial,grossFloorArea,328,m2,25.000000000000000,1074.682525630000100,26.867063140750005,3.696907888167201,45.237433649281336,82.387147500222042
528,ES.SDGC.BU.1856304YJ2715F,2020/12/18 00:00:00.000,functional,1962/01/01 00:00:00.000,1962/01/01 00:00:00.000, ,https://www1.sedecatastro.gob.es/CYCBienInmueble/OVCListaBienes.aspx?rc1=1856304&rc2=YJ2715F,1856304YJ2715F,1856304YJ2715F,ES.SDGC.BU,0.100000000000000,m,footPrint,1,1_residential,1,1, ,http://ovc.catastro.meh.es/OVCServWeb/OVCWcfLibres/OVCFotoFachada.svc/RecuperarFotoFachadaGet?ReferenciaCatastral=1856304YJ2715F,jpeg,NotOfficial,grossFloorArea,116,m2,18.750000000000000,1001.262329099999988,18.773668670625000,2.583256809078000,40.186487796244919,61.240349998848139
529,ES.SDGC.BU.1856305YJ2715F,2020/12/18 00:00:00.000,functional,1952/01/01 00:00:00.000,1952/01/01 00:00:00.000, ,https://www1.sedecatastro.gob.es/CYCBienInmueble/OVCListaBienes.aspx?rc1=1856305&rc2=YJ2715F,1856305YJ2715F,1856305YJ2715F,ES.SDGC.BU,0.100000000000000,m,footPrint,1,1_residential,1,1, ,http://ovc.catastro.meh.es/OVCServWeb/OVCWcfLibres/OVCFotoFachada.svc/RecuperarFotoFachadaGet?ReferenciaCatastral=1856305YJ2715F,jpeg,NotOfficial,grossFloorArea,115,m2,31.250000000000000,977.088244628999973,30.534007644656249,4.201479451904700,38.846163225245824,63.703900007113255
530,ES.SDGC.BU.1856306YJ2715F,2020/12/18 00:00:00.000,functional,1965/01/01 00:00:00.000,1965/01/01 00:00:00.000, ,https://www1.sedecatastro.gob.es/CYCBienInmueble/OVCListaBienes.aspx?rc1=1856306&rc2=YJ2715F,1856306YJ2715F,1856306YJ2715F,ES.SDGC.BU,0.100000000000000,m,footPrint,1,1_residential,1,1, ,http://ovc.catastro.meh.es/OVCServWeb/OVCWcfLibres/OVCFotoFachada.svc/RecuperarFotoFachadaGet?ReferenciaCatastral=1856306YJ2715F,jpeg,NotOfficial,grossFloorArea,151,m2,18.750000000000000,1099.624064130000079,20.617951202437499,2.837030085455400,47.504070289774830,67.080999999252157
531,ES.SDGC.BU.1856307YJ2715F,2020/12/18 00:00:00.000,functional,1950/01/01 00:00:00.000,1950/01/01 00:00:00.000, ,https://www1.sedecatastro.gob.es/CYCBienInmueble/OVCListaBienes.aspx?rc1=1856307&rc2=YJ2715F,1856307YJ2715F,1856307YJ2715F,ES.SDGC.BU,0.100000000000000,m,footPrint,1,1_residential,1,1, ,http://ovc.catastro.meh.es/OVCServWeb/OVCWcfLibres/OVCFotoFachada.svc/RecuperarFotoFachadaGet?ReferenciaCatastral=1856307YJ2715F,jpeg,NotOfficial,grossFloorArea,123,m2,18.750000000000000,883.603658040000028,16.567568588250001,2.279697437743200,33.790634779764005,60.812637972271375
532,ES.SDGC.BU.1856308YJ2715F,2020/12/18 00:00:00.000,functional,2007/01/01 00:00:00.000,2007/01/01 00:00:00.000, ,https://www1.sedecatastro.gob.es/CYCBienInmueble/OVCListaBienes.aspx?rc1=1856308&rc2=YJ2715F,1856308YJ2715F,1856308YJ2715F,ES.SDGC.BU,0.100000000000000,m,footPrint,1,1_residential,4,3, ,http://ovc.catastro.meh.es/OVCServWeb/OVCWcfLibres/OVCFotoFachada.svc/RecuperarFotoFachadaGet?ReferenciaCatastral=1856308YJ2715F,jpeg,NotOfficial,grossFloorArea,461,m2,25.000000000000000,1133.105377200000021,28.327634430000003,3.897882497568001,45.353112986639729,108.065453876355647
533,ES.SDGC.BU.1856309YJ2715F,2020/10/29 00:00:00.000,functional,1973/01/01 00:00:00.000,1973/01/01 00:00:00.000, ,https://www1.sedecatastro.gob.es/CYCBienInmueble/OVCListaBienes.aspx?rc1=1856309&rc2=YJ2715F,1856309YJ2715F,1856309YJ2715F,ES.SDGC.BU,0.100000000000000,m,footPrint,1,1_residential,13,12, ,http://ovc.catastro.meh.es/OVCServWeb/OVCWcfLibres/OVCFotoFachada.svc/RecuperarFotoFachadaGet?ReferenciaCatastral=1856309YJ2715F,jpeg,NotOfficial,grossFloorArea,1400,m2,200.000000000000000,1108.198602680000022,221.639720535999999,30.497625545753596,76.777694127482818,330.596162646362188
534,ES.SDGC.BU.1856310YJ2715F,2020/12/18 00:00:00.000,functional,1980/01/01 00:00:00.000,1980/01/01 00:00:00.000, ,https://www1.sedecatastro.gob.es/CYCBienInmueble/OVCListaBienes.aspx?rc1=1856310&rc2=YJ2715F,1856310YJ2715F,1856310YJ2715F,ES.SDGC.BU,0.100000000000000,m,footPrint,1,1_residential,33,30, ,http://ovc.catastro.meh.es/OVCServWeb/OVCWcfLibres/OVCFotoFachada.svc/RecuperarFotoFachadaGet?ReferenciaCatastral=1856310YJ2715F,jpeg,NotOfficial,grossFloorArea,4407,m2,443.750000000000000,1155.772576990000061,512.874081039312500,70.571473551009390,130.463733363384051,984.218355498890105
535,ES.SDGC.BU.1856311YJ2715F,2020/12/18 00:00:00.000,functional,1983/01/01 00:00:00.000,1983/01/01 00:00:00.000, ,https://www1.sedecatastro.gob.es/CYCBienInmueble/OVCListaBienes.aspx?rc1=1856311&rc2=YJ2715F,1856311YJ2715F,1856311YJ2715F,ES.SDGC.BU,0.100000000000000,m,footPrint,1,1_residential,37,20, ,http://ovc.catastro.meh.es/OVCServWeb/OVCWcfLibres/OVCFotoFachada.svc/RecuperarFotoFachadaGet?ReferenciaCatastral=1856311YJ2715F,jpeg,NotOfficial,grossFloorArea,2393,m2,193.750000000000000,1161.747401079999918,225.088558959249980,30.972185712792800,87.930017569176101,461.620122496475062
536,ES.SDGC.BU.1857803YJ2715H,2020/10/29 00:00:00.000,functional,1998/01/01 00:00:00.000,1998/01/01 00:00:00.000, ,https://www1.sedecatastro.gob.es/CYCBienInmueble/OVCListaBienes.aspx?rc1=1857803&rc2=YJ2715H,1857803YJ2715H,1857803YJ2715H,ES.SDGC.BU,0.100000000000000,m,footPrint,1,1_residential,84,79, ,http://ovc.catastro.meh.es/OVCServWeb/OVCWcfLibres/OVCFotoFachada.svc/RecuperarFotoFachadaGet?ReferenciaCatastral=1857803YJ2715H,jpeg,NotOfficial,grossFloorArea,11779,m2,1187.500000000000000,1115.904606549999926,1325.136720278125040,182.338812710270020,423.754107525331165,2063.116974483192280
537,ES.SDGC.BU.1857805YJ2715H,2020/12/18 00:00:00.000,functional,1977/01/01 00:00:00.000,1977/01/01 00:00:00.000, ,https://www1.sedecatastro.gob.es/CYCBienInmueble/OVCListaBienes.aspx?rc1=1857805&rc2=YJ2715H,1857805YJ2715H,1857805YJ2715H,ES.SDGC.BU,0.100000000000000,m,footPrint,1,1_residential,55,29, ,http://ovc.catastro.meh.es/OVCServWeb/OVCWcfLibres/OVCFotoFachada.svc/RecuperarFotoFachadaGet?ReferenciaCatastral=1857805YJ2715H,jpeg,NotOfficial,grossFloorArea,3401,m2,343.750000000000000,1217.333234200000106,418.458299256250029,57.579861977660002,141.391372510488992,503.417693506985074
538,ES.SDGC.BU.1857806YJ2715H,2020/12/18 00:00:00.000,functional,1978/01/01 00:00:00.000,1978/01/01 00:00:00.000, ,https://www1.sedecatastro.gob.es/CYCBienInmueble/OVCListaBienes.aspx?rc1=1857806&rc2=YJ2715H,1857806YJ2715H,1857806YJ2715H,ES.SDGC.BU,0.100000000000000,m,footPrint,1,1_residential,30,29, ,http://ovc.catastro.meh.es/OVCServWeb/OVCWcfLibres/OVCFotoFachada.svc/RecuperarFotoFachadaGet?ReferenciaCatastral=1857806YJ2715H,jpeg,NotOfficial,grossFloorArea,3772,m2,281.250000000000000,1225.537839079999912,344.682517241249968,47.428314372395995,144.715539239297811,537.687199987380041
539,ES.SDGC.BU.1857807YJ2715H,2020/12/18 00:00:00.000,functional,1966/01/01 00:00:00.000,1966/01/01 00:00:00.000, ,https://www1.sedecatastro.gob.es/CYCBienInmueble/OVCListaBienes.aspx?rc1=1857807&rc2=YJ2715H,1857807YJ2715H,1857807YJ2715H,ES.SDGC.BU,0.100000000000000,m,footPrint,1,1_residential,11,11, ,http://ovc.catastro.meh.es/OVCServWeb/OVCWcfLibres/OVCFotoFachada.svc/RecuperarFotoFachadaGet?ReferenciaCatastral=1857807YJ2715H,jpeg,NotOfficial,grossFloorArea,957,m2,118.750000000000000,1042.331905969999980,123.776913833937485,17.031703343549800,127.825415755658412,300.588734006743550
540,ES.SDGC.BU.1857808YJ2715H,2020/12/18 00:00:00.000,functional,1958/01/01 00:00:00.000,1958/01/01 00:00:00.000, ,https://www1.sedecatastro.gob.es/CYCBienInmueble/OVCListaBienes.aspx?rc1=1857808&rc2=YJ2715H,1857808YJ2715H,1857808YJ2715H,ES.SDGC.BU,0.100000000000000,m,footPrint,1,1_residential,1,1, ,http://ovc.catastro.meh.es/OVCServWeb/OVCWcfLibres/OVCFotoFachada.svc/RecuperarFotoFachadaGet?ReferenciaCatastral=1857808YJ2715H,jpeg,NotOfficial,grossFloorArea,248,m2,75.000000000000000,1181.554046629999903,88.616553497249981,12.193637761221597,73.001764166856930,144.893462994066510
541,ES.SDGC.BU.1857811YJ2715H,2020/12/18 00:00:00.000,functional,1949/01/01 00:00:00.000,2000/01/01 00:00:00.000, ,https://www1.sedecatastro.gob.es/CYCBienInmueble/OVCListaBienes.aspx?rc1=1857811&rc2=YJ2715H,1857811YJ2715H,1857811YJ2715H,ES.SDGC.BU,0.100000000000000,m,footPrint,1,1_residential,1,1, ,http://ovc.catastro.meh.es/OVCServWeb/OVCWcfLibres/OVCFotoFachada.svc/RecuperarFotoFachadaGet?ReferenciaCatastral=1857811YJ2715H,jpeg,NotOfficial,grossFloorArea,117,m2,62.500000000000000,1138.922216799999887,71.182638549999993,9.794731064480001,45.518327568604306,102.489987712474473
542,ES.SDGC.BU.1857812YJ2715H,2020/12/18 00:00:00.000,functional,1948/01/01 00:00:00.000,1948/01/01 00:00:00.000, ,https://www1.sedecatastro.gob.es/CYCBienInmueble/OVCListaBienes.aspx?rc1=1857812&rc2=YJ2715H,1857812YJ2715H,1857812YJ2715H,ES.SDGC.BU,0.100000000000000,m,footPrint,1,3_industrial,1,0, ,http://ovc.catastro.meh.es/OVCServWeb/OVCWcfLibres/OVCFotoFachada.svc/RecuperarFotoFachadaGet?ReferenciaCatastral=1857812YJ2715H,jpeg,NotOfficial,grossFloorArea,96,m2,62.500000000000000,1093.650030519999973,68.353126907499998,9.405390262471998,39.777254655883560,96.200649991318954
543,ES.SDGC.BU.1857814YJ2715F,2020/12/18 00:00:00.000,functional,1965/01/01 00:00:00.000,1965/01/01 00:00:00.000, ,https://www1.sedecatastro.gob.es/CYCBienInmueble/OVCListaBienes.aspx?rc1=1857814&rc2=YJ2715F,1857814YJ2715F,1857814YJ2715F,ES.SDGC.BU,0.100000000000000,m,footPrint,1,1_residential,10,8, ,http://ovc.catastro.meh.es/OVCServWeb/OVCWcfLibres/OVCFotoFachada.svc/RecuperarFotoFachadaGet?ReferenciaCatastral=1857814YJ2715F,jpeg,NotOfficial,grossFloorArea,940,m2,75.000000000000000,1192.290842690000090,89.421813201749998,12.304441496560800,59.274745855869142,196.683911505837585
544,ES.SDGC.BU.1857901YJ2715H,2020/12/18 00:00:00.000,functional,1999/01/01 00:00:00.000,1999/01/01 00:00:00.000, ,https://www1.sedecatastro.gob.es/CYCBienInmueble/OVCListaBienes.aspx?rc1=1857901&rc2=YJ2715H,1857901YJ2715H,1857901YJ2715H,ES.SDGC.BU,0.100000000000000,m,footPrint,1,1_residential,34,26, ,http://ovc.catastro.meh.es/OVCServWeb/OVCWcfLibres/OVCFotoFachada.svc/RecuperarFotoFachadaGet?ReferenciaCatastral=1857901YJ2715H,jpeg,NotOfficial,grossFloorArea,4335,m2,618.750000000000000,1189.241061740000077,735.842906951624968,101.251983996543601,164.951758866379322,922.683879996643327
545,ES.SDGC.BU.1857902YJ2715H,2020/12/18 00:00:00.000,functional,2000/01/01 00:00:00.000,2000/01/01 00:00:00.000, ,https://www1.sedecatastro.gob.es/CYCBienInmueble/OVCListaBienes.aspx?rc1=1857902&rc2=YJ2715H,1857902YJ2715H,1857902YJ2715H,ES.SDGC.BU,0.100000000000000,m,footPrint,1,1_residential,46,35, ,http://ovc.catastro.meh.es/OVCServWeb/OVCWcfLibres/OVCFotoFachada.svc/RecuperarFotoFachadaGet?ReferenciaCatastral=1857902YJ2715H,jpeg,NotOfficial,grossFloorArea,5743,m2,581.250000000000000,1054.576322169999912,612.972487261312381,84.345014247156584,180.705051462479304,1066.761442503068793
546,ES.SDGC.BU.1858301YJ2715H,2020/12/18 00:00:00.000,functional,1935/01/01 00:00:00.000,1935/01/01 00:00:00.000, ,https://www1.sedecatastro.gob.es/CYCBienInmueble/OVCListaBienes.aspx?rc1=1858301&rc2=YJ2715H,1858301YJ2715H,1858301YJ2715H,ES.SDGC.BU,0.100000000000000,m,footPrint,1,1_residential,1,1, ,http://ovc.catastro.meh.es/OVCServWeb/OVCWcfLibres/OVCFotoFachada.svc/RecuperarFotoFachadaGet?ReferenciaCatastral=1858301YJ2715H,jpeg,NotOfficial,grossFloorArea,543,m2,381.250000000000000,1171.964729679999891,446.811553190499978,61.481269719012801,107.065265801892764,427.389910496571417
547,ES.SDGC.BU.1858302YJ2715H,2020/12/18 00:00:00.000,functional,1928/01/01 00:00:00.000,1928/01/01 00:00:00.000, ,https://www1.sedecatastro.gob.es/CYCBienInmueble/OVCListaBienes.aspx?rc1=1858302&rc2=YJ2715H,1858302YJ2715H,1858302YJ2715H,ES.SDGC.BU,0.100000000000000,m,footPrint,1,3_industrial,1,0, ,http://ovc.catastro.meh.es/OVCServWeb/OVCWcfLibres/OVCFotoFachada.svc/RecuperarFotoFachadaGet?ReferenciaCatastral=1858302YJ2715H,jpeg,NotOfficial,grossFloorArea,192,m2,200.000000000000000,1168.291219709999950,233.658243942000013,32.151374366419205,62.733565932920968,192.463454487937042
548,ES.SDGC.BU.1858303YJ2715H,2020/12/18 00:00:00.000,functional,1970/01/01 00:00:00.000,1970/01/01 00:00:00.000, ,https://www1.sedecatastro.gob.es/CYCBienInmueble/OVCListaBienes.aspx?rc1=1858303&rc2=YJ2715H,1858303YJ2715H,1858303YJ2715H,ES.SDGC.BU,0.100000000000000,m,footPrint,1,3_industrial,1,0, ,http://ovc.catastro.meh.es/OVCServWeb/OVCWcfLibres/OVCFotoFachada.svc/RecuperarFotoFachadaGet?ReferenciaCatastral=1858303YJ2715H,jpeg,NotOfficial,grossFloorArea,252,m2,168.750000000000000,1207.906706629999917,203.834256743812489,28.047593727948598,77.746251156717122,251.807165021752610
549,ES.SDGC.BU.1858304YJ2715H,2020/12/18 00:00:00.000,functional,1935/01/01 00:00:00.000,1935/01/01 00:00:00.000, ,https://www1.sedecatastro.gob.es/CYCBienInmueble/OVCListaBienes.aspx?rc1=1858304&rc2=YJ2715H,1858304YJ2715H,1858304YJ2715H,ES.SDGC.BU,0.100000000000000,m,footPrint,1,4_2_retail,1,0, ,http://ovc.catastro.meh.es/OVCServWeb/OVCWcfLibres/OVCFotoFachada.svc/RecuperarFotoFachadaGet?ReferenciaCatastral=1858304YJ2715H,jpeg,NotOfficial,grossFloorArea,114,m2,68.750000000000000,1208.174382989999913,83.061988830562498,11.429329663085401,46.094540257304693,113.717944006600092
550,ES.SDGC.BU.1858305YJ2715H,2020/12/18 00:00:00.000,functional,1924/01/01 00:00:00.000,1924/01/01 00:00:00.000, ,https://www1.sedecatastro.gob.es/CYCBienInmueble/OVCListaBienes.aspx?rc1=1858305&rc2=YJ2715H,1858305YJ2715H,1858305YJ2715H,ES.SDGC.BU,0.100000000000000,m,footPrint,1,1_residential,1,1, ,http://ovc.catastro.meh.es/OVCServWeb/OVCWcfLibres/OVCFotoFachada.svc/RecuperarFotoFachadaGet?ReferenciaCatastral=1858305YJ2715H,jpeg,NotOfficial,grossFloorArea,190,m2,37.500000000000000,1168.409820560000071,43.815368270999997,6.028994674089600,42.411379864121479,95.502300000912314
551,ES.SDGC.BU.1858306YJ2715H,2020/12/18 00:00:00.000,functional,1922/01/01 00:00:00.000,1996/01/01 00:00:00.000, ,https://www1.sedecatastro.gob.es/CYCBienInmueble/OVCListaBienes.aspx?rc1=1858306&rc2=YJ2715H,1858306YJ2715H,1858306YJ2715H,ES.SDGC.BU,0.100000000000000,m,footPrint,1,1_residential,1,1, ,http://ovc.catastro.meh.es/OVCServWeb/OVCWcfLibres/OVCFotoFachada.svc/RecuperarFotoFachadaGet?ReferenciaCatastral=1858306YJ2715H,jpeg,NotOfficial,grossFloorArea,115,m2,68.750000000000000,1073.399708140000030,73.796229934625003,10.154361239004400,46.392728418589456,115.040327624255340
552,ES.SDGC.BU.1858307YJ2715H,2020/12/18 00:00:00.000,functional,2004/01/01 00:00:00.000,2004/01/01 00:00:00.000, ,https://www1.sedecatastro.gob.es/CYCBienInmueble/OVCListaBienes.aspx?rc1=1858307&rc2=YJ2715H,1858307YJ2715H,1858307YJ2715H,ES.SDGC.BU,0.100000000000000,m,footPrint,1,1_residential,1,1, ,http://ovc.catastro.meh.es/OVCServWeb/OVCWcfLibres/OVCFotoFachada.svc/RecuperarFotoFachadaGet?ReferenciaCatastral=1858307YJ2715H,jpeg,NotOfficial,grossFloorArea,525,m2,118.750000000000000,1053.655507940000007,125.121591567875001,17.216730999739603,69.960542750888052,219.239182121487516
553,ES.SDGC.BU.1858308YJ2715H,2020/12/18 00:00:00.000,functional,1975/01/01 00:00:00.000,1975/01/01 00:00:00.000, ,https://www1.sedecatastro.gob.es/CYCBienInmueble/OVCListaBienes.aspx?rc1=1858308&rc2=YJ2715H,1858308YJ2715H,1858308YJ2715H,ES.SDGC.BU,0.100000000000000,m,footPrint,1,1_residential,11,9, ,http://ovc.catastro.meh.es/OVCServWeb/OVCWcfLibres/OVCFotoFachada.svc/RecuperarFotoFachadaGet?ReferenciaCatastral=1858308YJ2715H,jpeg,NotOfficial,grossFloorArea,1069,m2,100.000000000000000,1133.605583190000061,113.360558319000006,15.598412824694400,65.816457496353522,209.097212506377048
554,ES.SDGC.BU.1858309YJ2715H,2020/12/18 00:00:00.000,functional,1971/01/01 00:00:00.000,1971/01/01 00:00:00.000, ,https://www1.sedecatastro.gob.es/CYCBienInmueble/OVCListaBienes.aspx?rc1=1858309&rc2=YJ2715H,1858309YJ2715H,1858309YJ2715H,ES.SDGC.BU,0.100000000000000,m,footPrint,1,1_residential,9,8, ,http://ovc.catastro.meh.es/OVCServWeb/OVCWcfLibres/OVCFotoFachada.svc/RecuperarFotoFachadaGet?ReferenciaCatastral=1858309YJ2715H,jpeg,NotOfficial,grossFloorArea,893,m2,62.500000000000000,1053.272900389999904,65.829556274374994,9.058146943354000,65.989529279019706,201.861021995175975
555,ES.SDGC.BU.1858310YJ2715H,2020/12/18 00:00:00.000,functional,1919/01/01 00:00:00.000,1919/01/01 00:00:00.000, ,https://www1.sedecatastro.gob.es/CYCBienInmueble/OVCListaBienes.aspx?rc1=1858310&rc2=YJ2715H,1858310YJ2715H,1858310YJ2715H,ES.SDGC.BU,0.100000000000000,m,footPrint,1,1_residential,1,1, ,http://ovc.catastro.meh.es/OVCServWeb/OVCWcfLibres/OVCFotoFachada.svc/RecuperarFotoFachadaGet?ReferenciaCatastral=1858310YJ2715H,jpeg,NotOfficial,grossFloorArea,176,m2,37.500000000000000,1008.830993649999982,37.831162261874994,5.205567927233999,39.372052730742453,92.205987512862123
556,ES.SDGC.BU.1858311YJ2715H,2020/12/18 00:00:00.000,functional,1922/01/01 00:00:00.000,1922/01/01 00:00:00.000, ,https://www1.sedecatastro.gob.es/CYCBienInmueble/OVCListaBienes.aspx?rc1=1858311&rc2=YJ2715H,1858311YJ2715H,1858311YJ2715H,ES.SDGC.BU,0.100000000000000,m,footPrint,1,3_industrial,1,0, ,http://ovc.catastro.meh.es/OVCServWeb/OVCWcfLibres/OVCFotoFachada.svc/RecuperarFotoFachadaGet?ReferenciaCatastral=1858311YJ2715H,jpeg,NotOfficial,grossFloorArea,136,m2,106.250000000000000,1105.947998050000024,117.506974792812500,16.168959731491000,53.139654249904254,136.613399989682620
557,ES.SDGC.BU.1858312YJ2715H,2020/12/18 00:00:00.000,functional,1920/01/01 00:00:00.000,1920/01/01 00:00:00.000, ,https://www1.sedecatastro.gob.es/CYCBienInmueble/OVCListaBienes.aspx?rc1=1858312&rc2=YJ2715H,1858312YJ2715H,1858312YJ2715H,ES.SDGC.BU,0.100000000000000,m,footPrint,1,4_2_retail,4,2, ,http://ovc.catastro.meh.es/OVCServWeb/OVCWcfLibres/OVCFotoFachada.svc/RecuperarFotoFachadaGet?ReferenciaCatastral=1858312YJ2715H,jpeg,NotOfficial,grossFloorArea,252,m2,131.250000000000000,1168.747971309999912,153.398171234437484,21.107588361858596,60.376906223997473,155.536858499993741
558,ES.SDGC.BU.1858313YJ2715H,2020/12/18 00:00:00.000,functional,1920/01/01 00:00:00.000,1920/01/01 00:00:00.000, ,https://www1.sedecatastro.gob.es/CYCBienInmueble/OVCListaBienes.aspx?rc1=1858313&rc2=YJ2715H,1858313YJ2715H,1858313YJ2715H,ES.SDGC.BU,0.100000000000000,m,footPrint,1,4_2_retail,1,0, ,http://ovc.catastro.meh.es/OVCServWeb/OVCWcfLibres/OVCFotoFachada.svc/RecuperarFotoFachadaGet?ReferenciaCatastral=1858313YJ2715H,jpeg,NotOfficial,grossFloorArea,181,m2,93.750000000000000,1196.958642580000060,112.214872741875013,15.440766489282000,39.916618036189462,96.057922499816740
559,ES.SDGC.BU.1858314YJ2715H,2020/12/18 00:00:00.000,functional,1918/01/01 00:00:00.000,1918/01/01 00:00:00.000, ,https://www1.sedecatastro.gob.es/CYCBienInmueble/OVCListaBienes.aspx?rc1=1858314&rc2=YJ2715H,1858314YJ2715H,1858314YJ2715H,ES.SDGC.BU,0.100000000000000,m,footPrint,1,1_residential,2,2, ,http://ovc.catastro.meh.es/OVCServWeb/OVCWcfLibres/OVCFotoFachada.svc/RecuperarFotoFachadaGet?ReferenciaCatastral=1858314YJ2715H,jpeg,NotOfficial,grossFloorArea,357,m2,81.250000000000000,1173.120497480000040,95.316040420250005,13.115487161826401,43.557073559052171,105.787114004249460
560,ES.SDGC.BU.1858315YJ2715H,2020/12/18 00:00:00.000,functional,2012/01/01 00:00:00.000,2012/01/01 00:00:00.000, ,https://www1.sedecatastro.gob.es/CYCBienInmueble/OVCListaBienes.aspx?rc1=1858315&rc2=YJ2715H,1858315YJ2715H,1858315YJ2715H,ES.SDGC.BU,0.100000000000000,m,footPrint,1,1_residential,1,1, ,http://ovc.catastro.meh.es/OVCServWeb/OVCWcfLibres/OVCFotoFachada.svc/RecuperarFotoFachadaGet?ReferenciaCatastral=1858315YJ2715H,jpeg,NotOfficial,grossFloorArea,187,m2,68.750000000000000,1007.830067030000009,69.288317108312512,9.534072434103802,42.973646661692896,102.616973439411723
561,ES.SDGC.BU.1858316YJ2715H,2020/12/18 00:00:00.000,functional,1919/01/01 00:00:00.000,1919/01/01 00:00:00.000, ,https://www1.sedecatastro.gob.es/CYCBienInmueble/OVCListaBienes.aspx?rc1=1858316&rc2=YJ2715H,1858316YJ2715H,1858316YJ2715H,ES.SDGC.BU,0.100000000000000,m,footPrint,1,1_residential,1,1, ,http://ovc.catastro.meh.es/OVCServWeb/OVCWcfLibres/OVCFotoFachada.svc/RecuperarFotoFachadaGet?ReferenciaCatastral=1858316YJ2715H,jpeg,NotOfficial,grossFloorArea,165,m2,43.750000000000000,1002.689932689999978,43.867684555187502,6.036193394793800,44.790034587327092,92.640592609621422
562,ES.SDGC.BU.1858317YJ2715H,2020/12/18 00:00:00.000,functional,1975/01/01 00:00:00.000,1975/01/01 00:00:00.000, ,https://www1.sedecatastro.gob.es/CYCBienInmueble/OVCListaBienes.aspx?rc1=1858317&rc2=YJ2715H,1858317YJ2715H,1858317YJ2715H,ES.SDGC.BU,0.100000000000000,m,footPrint,1,1_residential,10,8, ,http://ovc.catastro.meh.es/OVCServWeb/OVCWcfLibres/OVCFotoFachada.svc/RecuperarFotoFachadaGet?ReferenciaCatastral=1858317YJ2715H,jpeg,NotOfficial,grossFloorArea,1168,m2,212.500000000000000,1143.212581860000000,242.932673645249992,33.427535893586402,93.359593177250062,384.814025998670616
563,ES.SDGC.BU.1858318YJ2715H,2020/12/18 00:00:00.000,functional,1975/01/01 00:00:00.000,1975/01/01 00:00:00.000, ,https://www1.sedecatastro.gob.es/CYCBienInmueble/OVCListaBienes.aspx?rc1=1858318&rc2=YJ2715H,1858318YJ2715H,1858318YJ2715H,ES.SDGC.BU,0.100000000000000,m,footPrint,1,1_residential,10,8, ,http://ovc.catastro.meh.es/OVCServWeb/OVCWcfLibres/OVCFotoFachada.svc/RecuperarFotoFachadaGet?ReferenciaCatastral=1858318YJ2715H,jpeg,NotOfficial,grossFloorArea,1142,m2,175.000000000000000,1115.931389939999917,195.287993239499968,26.871627869755194,95.266750160876896,373.319868761652515
564,ES.SDGC.BU.1858319YJ2715H,2020/12/18 00:00:00.000,functional,1993/01/01 00:00:00.000,1993/01/01 00:00:00.000, ,https://www1.sedecatastro.gob.es/CYCBienInmueble/OVCListaBienes.aspx?rc1=1858319&rc2=YJ2715H,1858319YJ2715H,1858319YJ2715H,ES.SDGC.BU,0.100000000000000,m,footPrint,1,1_residential,1,1, ,http://ovc.catastro.meh.es/OVCServWeb/OVCWcfLibres/OVCFotoFachada.svc/RecuperarFotoFachadaGet?ReferenciaCatastral=1858319YJ2715H,jpeg,NotOfficial,grossFloorArea,269,m2,25.000000000000000,896.904022217000033,22.422600555424999,3.085349836426480,49.124650055809312,116.890630001719643
565,ES.SDGC.BU.1858320YJ2715H,2020/12/18 00:00:00.000,functional,1917/01/01 00:00:00.000,1917/01/01 00:00:00.000, ,https://www1.sedecatastro.gob.es/CYCBienInmueble/OVCListaBienes.aspx?rc1=1858320&rc2=YJ2715H,1858320YJ2715H,1858320YJ2715H,ES.SDGC.BU,0.100000000000000,m,footPrint,1,1_residential,1,1, ,http://ovc.catastro.meh.es/OVCServWeb/OVCWcfLibres/OVCFotoFachada.svc/RecuperarFotoFachadaGet?ReferenciaCatastral=1858320YJ2715H,jpeg,NotOfficial,grossFloorArea,108,m2,18.750000000000000,919.340677896999978,17.237637710568748,2.371898948974260,43.520789589181774,108.006800004659965
566,ES.SDGC.BU.1858321YJ2715H,2020/12/18 00:00:00.000,functional,1974/01/01 00:00:00.000,1974/01/01 00:00:00.000, ,https://www1.sedecatastro.gob.es/CYCBienInmueble/OVCListaBienes.aspx?rc1=1858321&rc2=YJ2715H,1858321YJ2715H,1858321YJ2715H,ES.SDGC.BU,0.100000000000000,m,footPrint,1,1_residential,5,4, ,http://ovc.catastro.meh.es/OVCServWeb/OVCWcfLibres/OVCFotoFachada.svc/RecuperarFotoFachadaGet?ReferenciaCatastral=1858321YJ2715H,jpeg,NotOfficial,grossFloorArea,842,m2,137.500000000000000,1140.641571039999917,156.838216017999969,21.580938524076796,81.464137445121082,246.994102521734334
567,ES.SDGC.BU.1858322YJ2715H,2020/12/18 00:00:00.000,functional,1974/01/01 00:00:00.000,1974/01/01 00:00:00.000, ,https://www1.sedecatastro.gob.es/CYCBienInmueble/OVCListaBienes.aspx?rc1=1858322&rc2=YJ2715H,1858322YJ2715H,1858322YJ2715H,ES.SDGC.BU,0.100000000000000,m,footPrint,1,1_residential,8,6, ,http://ovc.catastro.meh.es/OVCServWeb/OVCWcfLibres/OVCFotoFachada.svc/RecuperarFotoFachadaGet?ReferenciaCatastral=1858322YJ2715H,jpeg,NotOfficial,grossFloorArea,787,m2,106.250000000000000,1131.552486640000097,120.227451705500002,16.543297354676799,62.408497432331551,216.494830012189311
568,ES.SDGC.BU.1858323YJ2715H,2020/12/18 00:00:00.000,functional,1975/01/01 00:00:00.000,1975/01/01 00:00:00.000, ,https://www1.sedecatastro.gob.es/CYCBienInmueble/OVCListaBienes.aspx?rc1=1858323&rc2=YJ2715H,1858323YJ2715H,1858323YJ2715H,ES.SDGC.BU,0.100000000000000,m,footPrint,1,1_residential,7,5, ,http://ovc.catastro.meh.es/OVCServWeb/OVCWcfLibres/OVCFotoFachada.svc/RecuperarFotoFachadaGet?ReferenciaCatastral=1858323YJ2715H,jpeg,NotOfficial,grossFloorArea,564,m2,12.500000000000000,1023.654144289999977,12.795676803625000,1.760685128178800,59.280332275922348,132.068387988893392
569,ES.SDGC.BU.1858324YJ2715H,2020/12/18 00:00:00.000,functional,1920/01/01 00:00:00.000,1920/01/01 00:00:00.000, ,https://www1.sedecatastro.gob.es/CYCBienInmueble/OVCListaBienes.aspx?rc1=1858324&rc2=YJ2715H,1858324YJ2715H,1858324YJ2715H,ES.SDGC.BU,0.100000000000000,m,footPrint,1,4_2_retail,1,0, ,http://ovc.catastro.meh.es/OVCServWeb/OVCWcfLibres/OVCFotoFachada.svc/RecuperarFotoFachadaGet?ReferenciaCatastral=1858324YJ2715H,jpeg,NotOfficial,grossFloorArea,802,m2,387.500000000000000,1144.278986779999968,443.408107377249962,61.012955575109601,167.920256441901330,709.322037501262571
570,ES.SDGC.BU.1858325YJ2715H,2020/12/18 00:00:00.000,functional,1930/01/01 00:00:00.000,1930/01/01 00:00:00.000, ,https://www1.sedecatastro.gob.es/CYCBienInmueble/OVCListaBienes.aspx?rc1=1858325&rc2=YJ2715H,1858325YJ2715H,1858325YJ2715H,ES.SDGC.BU,0.100000000000000,m,footPrint,1,1_residential,2,2, ,http://ovc.catastro.meh.es/OVCServWeb/OVCWcfLibres/OVCFotoFachada.svc/RecuperarFotoFachadaGet?ReferenciaCatastral=1858325YJ2715H,jpeg,NotOfficial,grossFloorArea,259,m2,31.250000000000000,1037.187365719999889,32.412105178749997,4.459905672595999,83.225998835221503,172.324900007169873
571,ES.SDGC.BU.1858327YJ2715H,2020/12/18 00:00:00.000,functional,1926/01/01 00:00:00.000,1926/01/01 00:00:00.000, ,https://www1.sedecatastro.gob.es/CYCBienInmueble/OVCListaBienes.aspx?rc1=1858327&rc2=YJ2715H,1858327YJ2715H,1858327YJ2715H,ES.SDGC.BU,0.100000000000000,m,footPrint,1,1_residential,1,1, ,http://ovc.catastro.meh.es/OVCServWeb/OVCWcfLibres/OVCFotoFachada.svc/RecuperarFotoFachadaGet?ReferenciaCatastral=1858327YJ2715H,jpeg,NotOfficial,grossFloorArea,85,m2,25.000000000000000,1188.222412110000050,29.705560302750001,4.087485097658400,40.546676734583151,81.880319993292517
572,ES.SDGC.BU.1858328YJ2715H,2020/12/18 00:00:00.000,functional,1926/01/01 00:00:00.000,1926/01/01 00:00:00.000, ,https://www1.sedecatastro.gob.es/CYCBienInmueble/OVCListaBienes.aspx?rc1=1858328&rc2=YJ2715H,1858328YJ2715H,1858328YJ2715H,ES.SDGC.BU,0.100000000000000,m,footPrint,1,1_residential,1,1, ,http://ovc.catastro.meh.es/OVCServWeb/OVCWcfLibres/OVCFotoFachada.svc/RecuperarFotoFachadaGet?ReferenciaCatastral=1858328YJ2715H,jpeg,NotOfficial,grossFloorArea,373,m2,87.500000000000000,1067.242156979999891,93.383688735749999,12.849595570039201,96.555865483817286,233.880328996662911
573,ES.SDGC.BU.1859301YJ2715H,2020/12/18 00:00:00.000,functional,1959/01/01 00:00:00.000,1959/01/01 00:00:00.000, ,https://www1.sedecatastro.gob.es/CYCBienInmueble/OVCListaBienes.aspx?rc1=1859301&rc2=YJ2715H,1859301YJ2715H,1859301YJ2715H,ES.SDGC.BU,0.100000000000000,m,footPrint,1,1_residential,2,1, ,http://ovc.catastro.meh.es/OVCServWeb/OVCWcfLibres/OVCFotoFachada.svc/RecuperarFotoFachadaGet?ReferenciaCatastral=1859301YJ2715H,jpeg,NotOfficial,grossFloorArea,148,m2,43.750000000000000,1107.741542270000082,48.463692474312502,6.668604084465400,37.316546117695530,76.376072948698877
574,ES.SDGC.BU.1859302YJ2715H,2020/12/18 00:00:00.000,functional,1946/01/01 00:00:00.000,1946/01/01 00:00:00.000, ,https://www1.sedecatastro.gob.es/CYCBienInmueble/OVCListaBienes.aspx?rc1=1859302&rc2=YJ2715H,1859302YJ2715H,1859302YJ2715H,ES.SDGC.BU,0.100000000000000,m,footPrint,1,1_residential,1,1, ,http://ovc.catastro.meh.es/OVCServWeb/OVCWcfLibres/OVCFotoFachada.svc/RecuperarFotoFachadaGet?ReferenciaCatastral=1859302YJ2715H,jpeg,NotOfficial,grossFloorArea,86,m2,50.000000000000000,1086.555999760000077,54.327799988000010,7.475505278348802,40.621349039371189,65.848240848394497
575,ES.SDGC.BU.1859303YJ2715H,2020/12/18 00:00:00.000,functional,1944/01/01 00:00:00.000,1944/01/01 00:00:00.000, ,https://www1.sedecatastro.gob.es/CYCBienInmueble/OVCListaBienes.aspx?rc1=1859303&rc2=YJ2715H,1859303YJ2715H,1859303YJ2715H,ES.SDGC.BU,0.100000000000000,m,footPrint,1,1_residential,2,2, ,http://ovc.catastro.meh.es/OVCServWeb/OVCWcfLibres/OVCFotoFachada.svc/RecuperarFotoFachadaGet?ReferenciaCatastral=1859303YJ2715H,jpeg,NotOfficial,grossFloorArea,164,m2,56.250000000000000,1095.218763560000070,61.606055450250004,8.476993229954401,47.873008796316164,85.506191576513800
576,ES.SDGC.BU.1859304YJ2715H,2020/12/18 00:00:00.000,functional,1934/01/01 00:00:00.000,1934/01/01 00:00:00.000, ,https://www1.sedecatastro.gob.es/CYCBienInmueble/OVCListaBienes.aspx?rc1=1859304&rc2=YJ2715H,1859304YJ2715H,1859304YJ2715H,ES.SDGC.BU,0.100000000000000,m,footPrint,1,1_residential,1,1, ,http://ovc.catastro.meh.es/OVCServWeb/OVCWcfLibres/OVCFotoFachada.svc/RecuperarFotoFachadaGet?ReferenciaCatastral=1859304YJ2715H,jpeg,NotOfficial,grossFloorArea,89,m2,68.750000000000000,1182.418751109999903,81.291289138812502,11.185681385500601,53.020817614224015,88.635492560865231
577,ES.SDGC.BU.1859305YJ2715H,2020/12/18 00:00:00.000,functional,1935/01/01 00:00:00.000,1935/01/01 00:00:00.000, ,https://www1.sedecatastro.gob.es/CYCBienInmueble/OVCListaBienes.aspx?rc1=1859305&rc2=YJ2715H,1859305YJ2715H,1859305YJ2715H,ES.SDGC.BU,0.100000000000000,m,footPrint,1,1_residential,1,1, ,http://ovc.catastro.meh.es/OVCServWeb/OVCWcfLibres/OVCFotoFachada.svc/RecuperarFotoFachadaGet?ReferenciaCatastral=1859305YJ2715H,jpeg,NotOfficial,grossFloorArea,97,m2,87.500000000000000,1206.033211839999922,105.527906036000005,14.520639870553600,44.232634434187275,97.017943767145994
578,ES.SDGC.BU.1859306YJ2715H,2020/12/18 00:00:00.000,functional,1935/01/01 00:00:00.000,1935/01/01 00:00:00.000, ,https://www1.sedecatastro.gob.es/CYCBienInmueble/OVCListaBienes.aspx?rc1=1859306&rc2=YJ2715H,1859306YJ2715H,1859306YJ2715H,ES.SDGC.BU,0.100000000000000,m,footPrint,1,1_residential,1,1, ,http://ovc.catastro.meh.es/OVCServWeb/OVCWcfLibres/OVCFotoFachada.svc/RecuperarFotoFachadaGet?ReferenciaCatastral=1859306YJ2715H,jpeg,NotOfficial,grossFloorArea,96,m2,87.500000000000000,1218.083260670000072,106.582285308625018,14.665722458466801,45.203140740086120,96.494203779225515
579,ES.SDGC.BU.1859307YJ2715H,2020/10/23 00:00:00.000,functional,1962/01/01 00:00:00.000,1962/01/01 00:00:00.000, ,https://www1.sedecatastro.gob.es/CYCBienInmueble/OVCListaBienes.aspx?rc1=1859307&rc2=YJ2715H,1859307YJ2715H,1859307YJ2715H,ES.SDGC.BU,0.100000000000000,m,footPrint,1,1_residential,1,1, ,http://ovc.catastro.meh.es/OVCServWeb/OVCWcfLibres/OVCFotoFachada.svc/RecuperarFotoFachadaGet?ReferenciaCatastral=1859307YJ2715H,jpeg,NotOfficial,grossFloorArea,111,m2,25.000000000000000,1021.378845210000009,25.534471130250001,3.513543227522400,38.125750505193302,49.774485929418979
580,ES.SDGC.BU.1859308YJ2715H,2020/12/18 00:00:00.000,functional,1930/01/01 00:00:00.000,1930/01/01 00:00:00.000, ,https://www1.sedecatastro.gob.es/CYCBienInmueble/OVCListaBienes.aspx?rc1=1859308&rc2=YJ2715H,1859308YJ2715H,1859308YJ2715H,ES.SDGC.BU,0.100000000000000,m,footPrint,1,1_residential,1,1, ,http://ovc.catastro.meh.es/OVCServWeb/OVCWcfLibres/OVCFotoFachada.svc/RecuperarFotoFachadaGet?ReferenciaCatastral=1859308YJ2715H,jpeg,NotOfficial,grossFloorArea,202,m2,43.750000000000000,1129.206508089999943,49.402784728937498,6.797823178701799,54.607232261807084,107.060617856586475
581,ES.SDGC.BU.1859311YJ2716B,2020/12/18 00:00:00.000,functional,1970/01/01 00:00:00.000,1970/01/01 00:00:00.000, ,https://www1.sedecatastro.gob.es/CYCBienInmueble/OVCListaBienes.aspx?rc1=1859311&rc2=YJ2716B,1859311YJ2716B,1859311YJ2716B,ES.SDGC.BU,0.100000000000000,m,footPrint,1,1_residential,23,21, ,http://ovc.catastro.meh.es/OVCServWeb/OVCWcfLibres/OVCFotoFachada.svc/RecuperarFotoFachadaGet?ReferenciaCatastral=1859311YJ2716B,jpeg,NotOfficial,grossFloorArea,1471,m2,168.750000000000000,1143.921465840000110,193.036747360500016,26.561856436804803,75.548364469265493,325.657425703099705
582,ES.SDGC.BU.1859312YJ2716B,2020/12/18 00:00:00.000,functional,1985/01/01 00:00:00.000,1985/01/01 00:00:00.000, ,https://www1.sedecatastro.gob.es/CYCBienInmueble/OVCListaBienes.aspx?rc1=1859312&rc2=YJ2716B,1859312YJ2716B,1859312YJ2716B,ES.SDGC.BU,0.100000000000000,m,footPrint,1,1_residential,3,2, ,http://ovc.catastro.meh.es/OVCServWeb/OVCWcfLibres/OVCFotoFachada.svc/RecuperarFotoFachadaGet?ReferenciaCatastral=1859312YJ2716B,jpeg,NotOfficial,grossFloorArea,407,m2,68.750000000000000,968.640747069999975,66.594051361062498,9.163341467282200,53.629559385252946,141.941296013908016
583,ES.SDGC.BU.1859314YJ2716B,2020/12/18 00:00:00.000,functional,1975/01/01 00:00:00.000,1975/01/01 00:00:00.000, ,https://www1.sedecatastro.gob.es/CYCBienInmueble/OVCListaBienes.aspx?rc1=1859314&rc2=YJ2716B,1859314YJ2716B,1859314YJ2716B,ES.SDGC.BU,0.100000000000000,m,footPrint,1,1_residential,11,9, ,http://ovc.catastro.meh.es/OVCServWeb/OVCWcfLibres/OVCFotoFachada.svc/RecuperarFotoFachadaGet?ReferenciaCatastral=1859314YJ2716B,jpeg,NotOfficial,grossFloorArea,1180,m2,143.750000000000000,1220.482230809999919,175.444320678937487,24.141138525421798,72.880865029531023,210.168560593087335
584,ES.SDGC.BU.1859316YJ2716B,2020/12/18 00:00:00.000,functional,1934/01/01 00:00:00.000,2000/01/01 00:00:00.000, ,https://www1.sedecatastro.gob.es/CYCBienInmueble/OVCListaBienes.aspx?rc1=1859316&rc2=YJ2716B,1859316YJ2716B,1859316YJ2716B,ES.SDGC.BU,0.100000000000000,m,footPrint,1,1_residential,1,1, ,http://ovc.catastro.meh.es/OVCServWeb/OVCWcfLibres/OVCFotoFachada.svc/RecuperarFotoFachadaGet?ReferenciaCatastral=1859316YJ2716B,jpeg,NotOfficial,grossFloorArea,764,m2,275.000000000000000,1025.302137899999934,281.958087922499999,38.797432898136002,95.199936667341049,429.532956409300482
585,ES.SDGC.BU.1859317YJ2715H,2020/12/18 00:00:00.000,functional,1930/01/01 00:00:00.000,1930/01/01 00:00:00.000, ,https://www1.sedecatastro.gob.es/CYCBienInmueble/OVCListaBienes.aspx?rc1=1859317&rc2=YJ2715H,1859317YJ2715H,1859317YJ2715H,ES.SDGC.BU,0.100000000000000,m,footPrint,1,3_industrial,1,0, ,http://ovc.catastro.meh.es/OVCServWeb/OVCWcfLibres/OVCFotoFachada.svc/RecuperarFotoFachadaGet?ReferenciaCatastral=1859317YJ2715H,jpeg,NotOfficial,grossFloorArea,1460,m2,706.250000000000000,1078.610097700000097,761.768381500625082,104.819329294486010,238.708020551335608,1178.412346402927597
586,ES.SDGC.BU.1859318YJ2715H,2020/12/18 00:00:00.000,functional,1980/01/01 00:00:00.000,1980/01/01 00:00:00.000, ,https://www1.sedecatastro.gob.es/CYCBienInmueble/OVCListaBienes.aspx?rc1=1859318&rc2=YJ2715H,1859318YJ2715H,1859318YJ2715H,ES.SDGC.BU,0.100000000000000,m,footPrint,1,1_residential,24,11, ,http://ovc.catastro.meh.es/OVCServWeb/OVCWcfLibres/OVCFotoFachada.svc/RecuperarFotoFachadaGet?ReferenciaCatastral=1859318YJ2715H,jpeg,NotOfficial,grossFloorArea,2369,m2,106.250000000000000,1077.863967000000002,114.523046493750002,15.758371197540001,82.092337673858424,356.145502784280552
587,ES.SDGC.BU.1859320YJ2715H,2020/12/18 00:00:00.000,functional,2004/01/01 00:00:00.000,2004/01/01 00:00:00.000, ,https://www1.sedecatastro.gob.es/CYCBienInmueble/OVCListaBienes.aspx?rc1=1859320&rc2=YJ2715H,1859320YJ2715H,1859320YJ2715H,ES.SDGC.BU,0.100000000000000,m,footPrint,1,1_residential,20,15, ,http://ovc.catastro.meh.es/OVCServWeb/OVCWcfLibres/OVCFotoFachada.svc/RecuperarFotoFachadaGet?ReferenciaCatastral=1859320YJ2715H,jpeg,NotOfficial,grossFloorArea,3044,m2,350.000000000000000,1124.394960679999940,393.538236237999968,54.150861306348801,111.855295021733582,532.449162527747376
588,ES.SDGC.BU.1859322YJ2715H,2020/12/18 00:00:00.000,functional,1970/01/01 00:00:00.000,1970/01/01 00:00:00.000, ,https://www1.sedecatastro.gob.es/CYCBienInmueble/OVCListaBienes.aspx?rc1=1859322&rc2=YJ2715H,1859322YJ2715H,1859322YJ2715H,ES.SDGC.BU,0.100000000000000,m,footPrint,1,1_residential,1,1, ,http://ovc.catastro.meh.es/OVCServWeb/OVCWcfLibres/OVCFotoFachada.svc/RecuperarFotoFachadaGet?ReferenciaCatastral=1859322YJ2715H,jpeg,NotOfficial,grossFloorArea,397,m2,56.250000000000000,887.496039496999970,49.921652221706246,6.869219345706780,82.247474357953251,173.176483247673957
589,ES.SDGC.BU.1859323YJ2715H,2020/12/18 00:00:00.000,functional,1970/01/01 00:00:00.000,1970/01/01 00:00:00.000, ,https://www1.sedecatastro.gob.es/CYCBienInmueble/OVCListaBienes.aspx?rc1=1859323&rc2=YJ2715H,1859323YJ2715H,1859323YJ2715H,ES.SDGC.BU,0.100000000000000,m,footPrint,1,1_residential,12,10, ,http://ovc.catastro.meh.es/OVCServWeb/OVCWcfLibres/OVCFotoFachada.svc/RecuperarFotoFachadaGet?ReferenciaCatastral=1859323YJ2715H,jpeg,NotOfficial,grossFloorArea,1314,m2,137.500000000000000,1114.588007150000067,153.255850983125015,21.088005095278003,96.579682033034729,335.492959896727655
590,ES.SDGC.BU.1859324YJ2715H,2020/12/18 00:00:00.000,functional,1970/01/01 00:00:00.000,1970/01/01 00:00:00.000, ,https://www1.sedecatastro.gob.es/CYCBienInmueble/OVCListaBienes.aspx?rc1=1859324&rc2=YJ2715H,1859324YJ2715H,1859324YJ2715H,ES.SDGC.BU,0.100000000000000,m,footPrint,1,1_residential,5,4, ,http://ovc.catastro.meh.es/OVCServWeb/OVCWcfLibres/OVCFotoFachada.svc/RecuperarFotoFachadaGet?ReferenciaCatastral=1859324YJ2715H,jpeg,NotOfficial,grossFloorArea,822,m2,193.750000000000000,1109.667819120000104,214.998139954500004,29.583744057739199,89.222375639085058,259.495775725075134
591,ES.SDGC.BU.1859325YJ2715H,2020/10/23 00:00:00.000,functional,1992/01/01 00:00:00.000,1992/01/01 00:00:00.000, ,https://www1.sedecatastro.gob.es/CYCBienInmueble/OVCListaBienes.aspx?rc1=1859325&rc2=YJ2715H,1859325YJ2715H,1859325YJ2715H,ES.SDGC.BU,0.100000000000000,m,footPrint,1,1_residential,5,3, ,http://ovc.catastro.meh.es/OVCServWeb/OVCWcfLibres/OVCFotoFachada.svc/RecuperarFotoFachadaGet?ReferenciaCatastral=1859325YJ2715H,jpeg,NotOfficial,grossFloorArea,783,m2,131.250000000000000,1162.624532060000092,152.594469832875006,20.996999049003602,66.457145116022915,197.488042024288433
592,ES.SDGC.BU.1859327YJ2715H,2020/12/18 00:00:00.000,functional,1930/01/01 00:00:00.000,2000/01/01 00:00:00.000, ,https://www1.sedecatastro.gob.es/CYCBienInmueble/OVCListaBienes.aspx?rc1=1859327&rc2=YJ2715H,1859327YJ2715H,1859327YJ2715H,ES.SDGC.BU,0.100000000000000,m,footPrint,1,3_industrial,1,0, ,http://ovc.catastro.meh.es/OVCServWeb/OVCWcfLibres/OVCFotoFachada.svc/RecuperarFotoFachadaGet?ReferenciaCatastral=1859327YJ2715H,jpeg,NotOfficial,grossFloorArea,363,m2,81.250000000000000,1150.739933889999975,93.497619628562504,12.865272460890200,121.487364917971490,256.436077162573667
593,ES.SDGC.BU.1859328YJ2715H,2020/12/18 00:00:00.000,functional,1943/01/01 00:00:00.000,1943/01/01 00:00:00.000, ,https://www1.sedecatastro.gob.es/CYCBienInmueble/OVCListaBienes.aspx?rc1=1859328&rc2=YJ2715H,1859328YJ2715H,1859328YJ2715H,ES.SDGC.BU,0.100000000000000,m,footPrint,1,3_industrial,1,0, ,http://ovc.catastro.meh.es/OVCServWeb/OVCWcfLibres/OVCFotoFachada.svc/RecuperarFotoFachadaGet?ReferenciaCatastral=1859328YJ2715H,jpeg,NotOfficial,grossFloorArea,190,m2,150.000000000000000,1057.332341510000106,158.599851226499993,21.823339528766400,91.232731370516376,177.491582755411173
594,ES.SDGC.BU.1859329YJ2715H,2020/12/18 00:00:00.000,functional,1943/01/01 00:00:00.000,1943/01/01 00:00:00.000, ,https://www1.sedecatastro.gob.es/CYCBienInmueble/OVCListaBienes.aspx?rc1=1859329&rc2=YJ2715H,1859329YJ2715H,1859329YJ2715H,ES.SDGC.BU,0.100000000000000,m,footPrint,1,4_2_retail,1,0, ,http://ovc.catastro.meh.es/OVCServWeb/OVCWcfLibres/OVCFotoFachada.svc/RecuperarFotoFachadaGet?ReferenciaCatastral=1859329YJ2715H,jpeg,NotOfficial,grossFloorArea,259,m2,150.000000000000000,1012.425059000000033,151.863758850000011,20.896453217760001,102.480685992435525,254.857187745587254
595,ES.SDGC.BU.1859330YJ2715H,2020/12/18 00:00:00.000,functional,1970/01/01 00:00:00.000,1970/01/01 00:00:00.000, ,https://www1.sedecatastro.gob.es/CYCBienInmueble/OVCListaBienes.aspx?rc1=1859330&rc2=YJ2715H,1859330YJ2715H,1859330YJ2715H,ES.SDGC.BU,0.100000000000000,m,footPrint,1,1_residential,3,2, ,http://ovc.catastro.meh.es/OVCServWeb/OVCWcfLibres/OVCFotoFachada.svc/RecuperarFotoFachadaGet?ReferenciaCatastral=1859330YJ2715H,jpeg,NotOfficial,grossFloorArea,447,m2,68.750000000000000,974.022405451000054,66.964040374756252,9.214251955566461,84.747423244129095,188.422712572087988
596,ES.SDGC.BU.1859331YJ2715H,2020/12/18 00:00:00.000,functional,1982/01/01 00:00:00.000,1982/01/01 00:00:00.000, ,https://www1.sedecatastro.gob.es/CYCBienInmueble/OVCListaBienes.aspx?rc1=1859331&rc2=YJ2715H,1859331YJ2715H,1859331YJ2715H,ES.SDGC.BU,0.100000000000000,m,footPrint,1,1_residential,10,8, ,http://ovc.catastro.meh.es/OVCServWeb/OVCWcfLibres/OVCFotoFachada.svc/RecuperarFotoFachadaGet?ReferenciaCatastral=1859331YJ2715H,jpeg,NotOfficial,grossFloorArea,1765,m2,281.250000000000000,1122.698868819999916,315.759056855624976,43.448446223334003,127.474206955239950,548.643137875195862
597,ES.SDGC.BU.1859332YJ2715H,2020/12/18 00:00:00.000,functional,1972/01/01 00:00:00.000,1972/01/01 00:00:00.000, ,https://www1.sedecatastro.gob.es/CYCBienInmueble/OVCListaBienes.aspx?rc1=1859332&rc2=YJ2715H,1859332YJ2715H,1859332YJ2715H,ES.SDGC.BU,0.100000000000000,m,footPrint,1,1_residential,9,8, ,http://ovc.catastro.meh.es/OVCServWeb/OVCWcfLibres/OVCFotoFachada.svc/RecuperarFotoFachadaGet?ReferenciaCatastral=1859332YJ2715H,jpeg,NotOfficial,grossFloorArea,1649,m2,162.500000000000000,1182.400059629999987,192.140009689875001,26.438465333326800,81.950092039789624,366.797931803861047
598,ES.SDGC.BU.1859333YJ2715H,2020/10/23 00:00:00.000,functional,1977/01/01 00:00:00.000,1977/01/01 00:00:00.000, ,https://www1.sedecatastro.gob.es/CYCBienInmueble/OVCListaBienes.aspx?rc1=1859333&rc2=YJ2715H,1859333YJ2715H,1859333YJ2715H,ES.SDGC.BU,0.100000000000000,m,footPrint,1,1_residential,5,4, ,http://ovc.catastro.meh.es/OVCServWeb/OVCWcfLibres/OVCFotoFachada.svc/RecuperarFotoFachadaGet?ReferenciaCatastral=1859333YJ2715H,jpeg,NotOfficial,grossFloorArea,671,m2,131.250000000000000,1209.402959909999936,158.734138488187483,21.841817455974599,48.187920497639148,134.695697306379515
599,ES.SDGC.BU.1859334YJ2715H,2020/10/23 00:00:00.000,functional,1975/01/01 00:00:00.000,1975/01/01 00:00:00.000, ,https://www1.sedecatastro.gob.es/CYCBienInmueble/OVCListaBienes.aspx?rc1=1859334&rc2=YJ2715H,1859334YJ2715H,1859334YJ2715H,ES.SDGC.BU,0.100000000000000,m,footPrint,1,1_residential,17,12, ,http://ovc.catastro.meh.es/OVCServWeb/OVCWcfLibres/OVCFotoFachada.svc/RecuperarFotoFachadaGet?ReferenciaCatastral=1859334YJ2715H,jpeg,NotOfficial,grossFloorArea,1199,m2,268.750000000000000,1039.186331820000078,279.281326676624985,38.429110550703598,116.304678464737904,500.097014117876370
600,ES.SDGC.BU.1859335YJ2715H,2020/12/18 00:00:00.000,functional,1972/01/01 00:00:00.000,1972/01/01 00:00:00.000, ,https://www1.sedecatastro.gob.es/CYCBienInmueble/OVCListaBienes.aspx?rc1=1859335&rc2=YJ2715H,1859335YJ2715H,1859335YJ2715H,ES.SDGC.BU,0.100000000000000,m,footPrint,1,1_residential,5,4, ,http://ovc.catastro.meh.es/OVCServWeb/OVCWcfLibres/OVCFotoFachada.svc/RecuperarFotoFachadaGet?ReferenciaCatastral=1859335YJ2715H,jpeg,NotOfficial,grossFloorArea,616,m2,43.750000000000000,1125.822910849999971,49.254752349687500,6.777453923317000,52.429217701577350,142.396418872724780
601,ES.SDGC.BU.1859336YJ2715H,2020/12/18 00:00:00.000,functional,1928/01/01 00:00:00.000,1928/01/01 00:00:00.000, ,https://www1.sedecatastro.gob.es/CYCBienInmueble/OVCListaBienes.aspx?rc1=1859336&rc2=YJ2715H,1859336YJ2715H,1859336YJ2715H,ES.SDGC.BU,0.100000000000000,m,footPrint,1,1_residential,1,1, ,http://ovc.catastro.meh.es/OVCServWeb/OVCWcfLibres/OVCFotoFachada.svc/RecuperarFotoFachadaGet?ReferenciaCatastral=1859336YJ2715H,jpeg,NotOfficial,grossFloorArea,120,m2,87.500000000000000,1053.996163499999966,92.224664306249991,12.690113808540000,44.217696743258756,120.321430008444807
602,ES.SDGC.BU.1859337YJ2715H,2020/12/18 00:00:00.000,functional,1926/01/01 00:00:00.000,1926/01/01 00:00:00.000, ,https://www1.sedecatastro.gob.es/CYCBienInmueble/OVCListaBienes.aspx?rc1=1859337&rc2=YJ2715H,1859337YJ2715H,1859337YJ2715H,ES.SDGC.BU,0.100000000000000,m,footPrint,1,1_residential,1,1, ,http://ovc.catastro.meh.es/OVCServWeb/OVCWcfLibres/OVCFotoFachada.svc/RecuperarFotoFachadaGet?ReferenciaCatastral=1859337YJ2715H,jpeg,NotOfficial,grossFloorArea,637,m2,268.750000000000000,1086.946834119999949,292.116961669749969,40.195293925757596,125.290410339509407,512.940538077327119
603,ES.SDGC.BU.1859338YJ2716B,2020/12/18 00:00:00.000,functional,2004/01/01 00:00:00.000,2004/01/01 00:00:00.000, ,https://www1.sedecatastro.gob.es/CYCBienInmueble/OVCListaBienes.aspx?rc1=1859338&rc2=YJ2716B,1859338YJ2716B,1859338YJ2716B,ES.SDGC.BU,0.100000000000000,m,footPrint,1,1_residential,1,1, ,http://ovc.catastro.meh.es/OVCServWeb/OVCWcfLibres/OVCFotoFachada.svc/RecuperarFotoFachadaGet?ReferenciaCatastral=1859338YJ2716B,jpeg,NotOfficial,grossFloorArea,726,m2,125.000000000000000,1131.110800169999948,141.388850021249993,19.455105762923999,92.319060657566268,273.360048841326488
604,ES.SDGC.BU.1860101YJ2716B,2020/12/18 00:00:00.000,functional,1934/01/01 00:00:00.000,1934/01/01 00:00:00.000, ,https://www1.sedecatastro.gob.es/CYCBienInmueble/OVCListaBienes.aspx?rc1=1860101&rc2=YJ2716B,1860101YJ2716B,1860101YJ2716B,ES.SDGC.BU,0.100000000000000,m,footPrint,1,1_residential,2,2, ,http://ovc.catastro.meh.es/OVCServWeb/OVCWcfLibres/OVCFotoFachada.svc/RecuperarFotoFachadaGet?ReferenciaCatastral=1860101YJ2716B,jpeg,NotOfficial,grossFloorArea,233,m2,75.000000000000000,1268.170104979999905,95.112757873500001,13.087515483393599,70.581769983338916,131.745714504300736
605,ES.SDGC.BU.1860102YJ2716B,2020/12/18 00:00:00.000,functional,1927/01/01 00:00:00.000,1927/01/01 00:00:00.000, ,https://www1.sedecatastro.gob.es/CYCBienInmueble/OVCListaBienes.aspx?rc1=1860102&rc2=YJ2716B,1860102YJ2716B,1860102YJ2716B,ES.SDGC.BU,0.100000000000000,m,footPrint,1,1_residential,2,2, ,http://ovc.catastro.meh.es/OVCServWeb/OVCWcfLibres/OVCFotoFachada.svc/RecuperarFotoFachadaGet?ReferenciaCatastral=1860102YJ2716B,jpeg,NotOfficial,grossFloorArea,203,m2,87.500000000000000,1242.782453260000011,108.743464660249998,14.963100737250400,61.563661094519240,112.220922493644480
606,ES.SDGC.BU.1860103YJ2716B,2020/12/18 00:00:00.000,functional,1924/01/01 00:00:00.000,2000/01/01 00:00:00.000, ,https://www1.sedecatastro.gob.es/CYCBienInmueble/OVCListaBienes.aspx?rc1=1860103&rc2=YJ2716B,1860103YJ2716B,1860103YJ2716B,ES.SDGC.BU,0.100000000000000,m,footPrint,1,1_residential,2,2, ,http://ovc.catastro.meh.es/OVCServWeb/OVCWcfLibres/OVCFotoFachada.svc/RecuperarFotoFachadaGet?ReferenciaCatastral=1860103YJ2716B,jpeg,NotOfficial,grossFloorArea,240,m2,93.750000000000000,1212.862382000000025,113.705848312500009,15.645924727800002,69.808802694589019,137.857422101890933
607,ES.SDGC.BU.1860104YJ2716B,2020/12/18 00:00:00.000,functional,2007/01/01 00:00:00.000,2007/01/01 00:00:00.000, ,https://www1.sedecatastro.gob.es/CYCBienInmueble/OVCListaBienes.aspx?rc1=1860104&rc2=YJ2716B,1860104YJ2716B,1860104YJ2716B,ES.SDGC.BU,0.100000000000000,m,footPrint,1,1_residential,1,1, ,http://ovc.catastro.meh.es/OVCServWeb/OVCWcfLibres/OVCFotoFachada.svc/RecuperarFotoFachadaGet?ReferenciaCatastral=1860104YJ2716B,jpeg,NotOfficial,grossFloorArea,337,m2,62.500000000000000,1248.144763179999927,78.009047698749995,10.734044963348000,77.624206766664500,161.080070695616826
608,ES.SDGC.BU.1860105YJ2716B,2020/12/18 00:00:00.000,functional,2008/01/01 00:00:00.000,2008/01/01 00:00:00.000, ,https://www1.sedecatastro.gob.es/CYCBienInmueble/OVCListaBienes.aspx?rc1=1860105&rc2=YJ2716B,1860105YJ2716B,1860105YJ2716B,ES.SDGC.BU,0.100000000000000,m,footPrint,1,1_residential,1,1, ,http://ovc.catastro.meh.es/OVCServWeb/OVCWcfLibres/OVCFotoFachada.svc/RecuperarFotoFachadaGet?ReferenciaCatastral=1860105YJ2716B,jpeg,NotOfficial,grossFloorArea,317,m2,75.000000000000000,1203.896636960000023,90.292247771999996,12.424213293427201,69.401356026384420,148.941113693488631
609,ES.SDGC.BU.1860106YJ2716B,2020/12/18 00:00:00.000,functional,1991/01/01 00:00:00.000,2000/01/01 00:00:00.000, ,https://www1.sedecatastro.gob.es/CYCBienInmueble/OVCListaBienes.aspx?rc1=1860106&rc2=YJ2716B,1860106YJ2716B,1860106YJ2716B,ES.SDGC.BU,0.100000000000000,m,footPrint,1,1_residential,1,1, ,http://ovc.catastro.meh.es/OVCServWeb/OVCWcfLibres/OVCFotoFachada.svc/RecuperarFotoFachadaGet?ReferenciaCatastral=1860106YJ2716B,jpeg,NotOfficial,grossFloorArea,217,m2,68.750000000000000,1147.357494009999982,78.880827713187486,10.854001893334598,66.391989517972206,130.684091854523842
610,ES.SDGC.BU.1860107YJ2716B,2020/12/18 00:00:00.000,functional,1923/01/01 00:00:00.000,1923/01/01 00:00:00.000, ,https://www1.sedecatastro.gob.es/CYCBienInmueble/OVCListaBienes.aspx?rc1=1860107&rc2=YJ2716B,1860107YJ2716B,1860107YJ2716B,ES.SDGC.BU,0.100000000000000,m,footPrint,1,1_residential,1,1, ,http://ovc.catastro.meh.es/OVCServWeb/OVCWcfLibres/OVCFotoFachada.svc/RecuperarFotoFachadaGet?ReferenciaCatastral=1860107YJ2716B,jpeg,NotOfficial,grossFloorArea,113,m2,62.500000000000000,1078.484820559999889,67.405301284999993,9.274969456815999,67.109664887848680,112.620426226770007
611,ES.SDGC.BU.1860108YJ2716B,2020/12/18 00:00:00.000,functional,2000/01/01 00:00:00.000,2000/01/01 00:00:00.000, ,https://www1.sedecatastro.gob.es/CYCBienInmueble/OVCListaBienes.aspx?rc1=1860108&rc2=YJ2716B,1860108YJ2716B,1860108YJ2716B,ES.SDGC.BU,0.100000000000000,m,footPrint,1,1_residential,1,1, ,http://ovc.catastro.meh.es/OVCServWeb/OVCWcfLibres/OVCFotoFachada.svc/RecuperarFotoFachadaGet?ReferenciaCatastral=1860108YJ2716B,jpeg,NotOfficial,grossFloorArea,302,m2,81.250000000000000,1186.626493010000104,96.413402557062511,13.266484191851802,69.619922436409269,133.985741498951427
612,ES.SDGC.BU.1860109YJ2716B,2020/12/18 00:00:00.000,functional,1970/01/01 00:00:00.000,1970/01/01 00:00:00.000, ,https://www1.sedecatastro.gob.es/CYCBienInmueble/OVCListaBienes.aspx?rc1=1860109&rc2=YJ2716B,1860109YJ2716B,1860109YJ2716B,ES.SDGC.BU,0.100000000000000,m,footPrint,1,1_residential,3,2, ,http://ovc.catastro.meh.es/OVCServWeb/OVCWcfLibres/OVCFotoFachada.svc/RecuperarFotoFachadaGet?ReferenciaCatastral=1860109YJ2716B,jpeg,NotOfficial,grossFloorArea,367,m2,100.000000000000000,1216.430366520000007,121.643036651999992,16.738081843315200,60.611592269914773,158.007928301601424
613,ES.SDGC.BU.1860110YJ2716B,2020/12/18 00:00:00.000,functional,1998/01/01 00:00:00.000,2000/01/01 00:00:00.000, ,https://www1.sedecatastro.gob.es/CYCBienInmueble/OVCListaBienes.aspx?rc1=1860110&rc2=YJ2716B,1860110YJ2716B,1860110YJ2716B,ES.SDGC.BU,0.100000000000000,m,footPrint,1,1_residential,1,1, ,http://ovc.catastro.meh.es/OVCServWeb/OVCWcfLibres/OVCFotoFachada.svc/RecuperarFotoFachadaGet?ReferenciaCatastral=1860110YJ2716B,jpeg,NotOfficial,grossFloorArea,279,m2,56.250000000000000,1154.001003690000061,64.912556457562502,8.931967768560600,69.937607652952636,146.979375976016030
614,ES.SDGC.BU.1860111YJ2716B,2020/12/18 00:00:00.000,functional,1952/01/01 00:00:00.000,1952/01/01 00:00:00.000, ,https://www1.sedecatastro.gob.es/CYCBienInmueble/OVCListaBienes.aspx?rc1=1860111&rc2=YJ2716B,1860111YJ2716B,1860111YJ2716B,ES.SDGC.BU,0.100000000000000,m,footPrint,1,3_industrial,1,0, ,http://ovc.catastro.meh.es/OVCServWeb/OVCWcfLibres/OVCFotoFachada.svc/RecuperarFotoFachadaGet?ReferenciaCatastral=1860111YJ2716B,jpeg,NotOfficial,grossFloorArea,41,m2,18.750000000000000,992.882364908999989,18.616544342043753,2.561636501465220,26.393085272541587,41.015263500848953
615,ES.SDGC.BU.1860112YJ2716B,2020/12/18 00:00:00.000,functional,1934/01/01 00:00:00.000,1934/01/01 00:00:00.000, ,https://www1.sedecatastro.gob.es/CYCBienInmueble/OVCListaBienes.aspx?rc1=1860112&rc2=YJ2716B,1860112YJ2716B,1860112YJ2716B,ES.SDGC.BU,0.100000000000000,m,footPrint,1,1_residential,1,1, ,http://ovc.catastro.meh.es/OVCServWeb/OVCWcfLibres/OVCFotoFachada.svc/RecuperarFotoFachadaGet?ReferenciaCatastral=1860112YJ2716B,jpeg,NotOfficial,grossFloorArea,336,m2,87.500000000000000,1173.786655970000083,102.706332397375007,14.132391337878801,78.881617258810820,199.018360994253158
616,ES.SDGC.BU.1860113YJ2716B,2020/12/18 00:00:00.000,functional,1926/01/01 00:00:00.000,1926/01/01 00:00:00.000, ,https://www1.sedecatastro.gob.es/CYCBienInmueble/OVCListaBienes.aspx?rc1=1860113&rc2=YJ2716B,1860113YJ2716B,1860113YJ2716B,ES.SDGC.BU,0.100000000000000,m,footPrint,1,1_residential,1,1, ,http://ovc.catastro.meh.es/OVCServWeb/OVCWcfLibres/OVCFotoFachada.svc/RecuperarFotoFachadaGet?ReferenciaCatastral=1860113YJ2716B,jpeg,NotOfficial,grossFloorArea,147,m2,93.750000000000000,1214.371972659999983,113.847372436874991,15.665398447313999,74.834237882547228,147.705800003661579
617,ES.SDGC.BU.1860114YJ2716B,2020/12/18 00:00:00.000,functional,1922/01/01 00:00:00.000,1922/01/01 00:00:00.000, ,https://www1.sedecatastro.gob.es/CYCBienInmueble/OVCListaBienes.aspx?rc1=1860114&rc2=YJ2716B,1860114YJ2716B,1860114YJ2716B,ES.SDGC.BU,0.100000000000000,m,footPrint,1,1_residential,1,1, ,http://ovc.catastro.meh.es/OVCServWeb/OVCWcfLibres/OVCFotoFachada.svc/RecuperarFotoFachadaGet?ReferenciaCatastral=1860114YJ2716B,jpeg,NotOfficial,grossFloorArea,119,m2,87.500000000000000,1236.256748739999921,108.172465514749987,14.884531254829598,43.835493823065967,118.541499999057507
618,ES.SDGC.BU.1860115YJ2716B,2020/12/18 00:00:00.000,functional,1924/01/01 00:00:00.000,1924/01/01 00:00:00.000, ,https://www1.sedecatastro.gob.es/CYCBienInmueble/OVCListaBienes.aspx?rc1=1860115&rc2=YJ2716B,1860115YJ2716B,1860115YJ2716B,ES.SDGC.BU,0.100000000000000,m,footPrint,1,1_residential,1,1, ,http://ovc.catastro.meh.es/OVCServWeb/OVCWcfLibres/OVCFotoFachada.svc/RecuperarFotoFachadaGet?ReferenciaCatastral=1860115YJ2716B,jpeg,NotOfficial,grossFloorArea,93,m2,93.750000000000000,1194.085709640000005,111.945535278750000,15.403705654355999,39.531599880309251,93.331900011277199
619,ES.SDGC.BU.1860116YJ2716B,2020/12/18 00:00:00.000,functional,1963/01/01 00:00:00.000,1963/01/01 00:00:00.000, ,https://www1.sedecatastro.gob.es/CYCBienInmueble/OVCListaBienes.aspx?rc1=1860116&rc2=YJ2716B,1860116YJ2716B,1860116YJ2716B,ES.SDGC.BU,0.100000000000000,m,footPrint,1,1_residential,1,1, ,http://ovc.catastro.meh.es/OVCServWeb/OVCWcfLibres/OVCFotoFachada.svc/RecuperarFotoFachadaGet?ReferenciaCatastral=1860116YJ2716B,jpeg,NotOfficial,grossFloorArea,379,m2,131.250000000000000,1166.605619879999949,153.116987609250003,21.068897495032800,65.073985493966148,195.463993785337919
620,ES.SDGC.BU.1860117YJ2716B,2020/12/18 00:00:00.000,functional,1921/01/01 00:00:00.000,1921/01/01 00:00:00.000, ,https://www1.sedecatastro.gob.es/CYCBienInmueble/OVCListaBienes.aspx?rc1=1860117&rc2=YJ2716B,1860117YJ2716B,1860117YJ2716B,ES.SDGC.BU,0.100000000000000,m,footPrint,1,1_residential,1,1, ,http://ovc.catastro.meh.es/OVCServWeb/OVCWcfLibres/OVCFotoFachada.svc/RecuperarFotoFachadaGet?ReferenciaCatastral=1860117YJ2716B,jpeg,NotOfficial,grossFloorArea,77,m2,18.750000000000000,968.172566731999950,18.153235626225001,2.497885222168560,33.139371687409238,65.145668494868232
621,ES.SDGC.BU.1860118YJ2716B,2020/12/18 00:00:00.000,functional,1923/01/01 00:00:00.000,1923/01/01 00:00:00.000, ,https://www1.sedecatastro.gob.es/CYCBienInmueble/OVCListaBienes.aspx?rc1=1860118&rc2=YJ2716B,1860118YJ2716B,1860118YJ2716B,ES.SDGC.BU,0.100000000000000,m,footPrint,1,1_residential,1,1, ,http://ovc.catastro.meh.es/OVCServWeb/OVCWcfLibres/OVCFotoFachada.svc/RecuperarFotoFachadaGet?ReferenciaCatastral=1860118YJ2716B,jpeg,NotOfficial,grossFloorArea,188,m2,43.750000000000000,1103.371494839999968,48.272502899250000,6.642296398936800,42.579884931112417,96.978550002225489
622,ES.SDGC.BU.1860119YJ2716B,2020/12/18 00:00:00.000,functional,1998/01/01 00:00:00.000,1998/01/01 00:00:00.000, ,https://www1.sedecatastro.gob.es/CYCBienInmueble/OVCListaBienes.aspx?rc1=1860119&rc2=YJ2716B,1860119YJ2716B,1860119YJ2716B,ES.SDGC.BU,0.100000000000000,m,footPrint,1,1_residential,1,1, ,http://ovc.catastro.meh.es/OVCServWeb/OVCWcfLibres/OVCFotoFachada.svc/RecuperarFotoFachadaGet?ReferenciaCatastral=1860119YJ2716B,jpeg,NotOfficial,grossFloorArea,701,m2,150.000000000000000,1156.398643490000040,173.459796523499989,23.868068001633599,60.683397853610472,203.781407501705189
623,ES.SDGC.BU.1860121YJ2716B,2020/12/18 00:00:00.000,functional,1928/01/01 00:00:00.000,1928/01/01 00:00:00.000, ,https://www1.sedecatastro.gob.es/CYCBienInmueble/OVCListaBienes.aspx?rc1=1860121&rc2=YJ2716B,1860121YJ2716B,1860121YJ2716B,ES.SDGC.BU,0.100000000000000,m,footPrint,1,1_residential,2,2, ,http://ovc.catastro.meh.es/OVCServWeb/OVCWcfLibres/OVCFotoFachada.svc/RecuperarFotoFachadaGet?ReferenciaCatastral=1860121YJ2716B,jpeg,NotOfficial,grossFloorArea,227,m2,81.250000000000000,1180.848275990000047,95.943922424187505,13.201883725568202,69.949556639285845,146.352475004227642
624,ES.SDGC.BU.1860122YJ2716B,2020/12/18 00:00:00.000,functional,1927/01/01 00:00:00.000,1927/01/01 00:00:00.000, ,https://www1.sedecatastro.gob.es/CYCBienInmueble/OVCListaBienes.aspx?rc1=1860122&rc2=YJ2716B,1860122YJ2716B,1860122YJ2716B,ES.SDGC.BU,0.100000000000000,m,footPrint,1,3_industrial,1,0, ,http://ovc.catastro.meh.es/OVCServWeb/OVCWcfLibres/OVCFotoFachada.svc/RecuperarFotoFachadaGet?ReferenciaCatastral=1860122YJ2716B,jpeg,NotOfficial,grossFloorArea,166,m2,100.000000000000000,1173.769851680000102,117.376985168000019,16.151073159116802,74.517213022535572,165.452378507537787
625,ES.SDGC.BU.1860123YJ2716B,2020/12/18 00:00:00.000,functional,1934/01/01 00:00:00.000,1934/01/01 00:00:00.000, ,https://www1.sedecatastro.gob.es/CYCBienInmueble/OVCListaBienes.aspx?rc1=1860123&rc2=YJ2716B,1860123YJ2716B,1860123YJ2716B,ES.SDGC.BU,0.100000000000000,m,footPrint,1,1_residential,1,1, ,http://ovc.catastro.meh.es/OVCServWeb/OVCWcfLibres/OVCFotoFachada.svc/RecuperarFotoFachadaGet?ReferenciaCatastral=1860123YJ2716B,jpeg,NotOfficial,grossFloorArea,284,m2,87.500000000000000,1126.041682649999984,98.528647231874999,13.557541859105999,89.478636996639054,177.483357503647653
626,ES.SDGC.BU.1860124YJ2716B,2020/12/18 00:00:00.000,functional,1978/01/01 00:00:00.000,1978/01/01 00:00:00.000, ,https://www1.sedecatastro.gob.es/CYCBienInmueble/OVCListaBienes.aspx?rc1=1860124&rc2=YJ2716B,1860124YJ2716B,1860124YJ2716B,ES.SDGC.BU,0.100000000000000,m,footPrint,1,1_residential,10,8, ,http://ovc.catastro.meh.es/OVCServWeb/OVCWcfLibres/OVCFotoFachada.svc/RecuperarFotoFachadaGet?ReferenciaCatastral=1860124YJ2716B,jpeg,NotOfficial,grossFloorArea,1375,m2,106.250000000000000,1202.067282279999972,127.719648742249987,17.574223666933598,73.139546517343746,319.709872493060743
627,ES.SDGC.BU.1860125YJ2716B,2020/12/18 00:00:00.000,functional,1930/01/01 00:00:00.000,1930/01/01 00:00:00.000, ,https://www1.sedecatastro.gob.es/CYCBienInmueble/OVCListaBienes.aspx?rc1=1860125&rc2=YJ2716B,1860125YJ2716B,1860125YJ2716B,ES.SDGC.BU,0.100000000000000,m,footPrint,1,1_residential,1,1, ,http://ovc.catastro.meh.es/OVCServWeb/OVCWcfLibres/OVCFotoFachada.svc/RecuperarFotoFachadaGet?ReferenciaCatastral=1860125YJ2716B,jpeg,NotOfficial,grossFloorArea,145,m2,12.500000000000000,1155.433654789999991,14.442920684875000,1.987345886238800,58.005236448971011,88.369964998318295
628,ES.SDGC.BU.1860126YJ2716B,2020/12/18 00:00:00.000,functional,2000/01/01 00:00:00.000,2000/01/01 00:00:00.000, ,https://www1.sedecatastro.gob.es/CYCBienInmueble/OVCListaBienes.aspx?rc1=1860126&rc2=YJ2716B,1860126YJ2716B,1860126YJ2716B,ES.SDGC.BU,0.100000000000000,m,footPrint,1,1_residential,1,0, ,http://ovc.catastro.meh.es/OVCServWeb/OVCWcfLibres/OVCFotoFachada.svc/RecuperarFotoFachadaGet?ReferenciaCatastral=1860126YJ2716B,jpeg,NotOfficial,grossFloorArea,49,m2,43.750000000000000,1128.943899970000075,49.391295623687505,6.796242277819401,28.317685333932232,48.940682102826372
629,ES.SDGC.BU.1860127YJ2716B,2020/12/18 00:00:00.000,functional,1999/01/01 00:00:00.000,1999/01/01 00:00:00.000, ,https://www1.sedecatastro.gob.es/CYCBienInmueble/OVCListaBienes.aspx?rc1=1860127&rc2=YJ2716B,1860127YJ2716B,1860127YJ2716B,ES.SDGC.BU,0.100000000000000,m,footPrint,1,1_residential,1,1, ,http://ovc.catastro.meh.es/OVCServWeb/OVCWcfLibres/OVCFotoFachada.svc/RecuperarFotoFachadaGet?ReferenciaCatastral=1860127YJ2716B,jpeg,NotOfficial,grossFloorArea,273,m2,68.750000000000000,1177.880964799999902,80.979316329999989,11.142753927008000,44.297206297620029,123.117904244102306
630,ES.SDGC.BU.1860128YJ2716B,2020/12/18 00:00:00.000,functional,1952/01/01 00:00:00.000,1952/01/01 00:00:00.000, ,https://www1.sedecatastro.gob.es/CYCBienInmueble/OVCListaBienes.aspx?rc1=1860128&rc2=YJ2716B,1860128YJ2716B,1860128YJ2716B,ES.SDGC.BU,0.100000000000000,m,footPrint,1,1_residential,1,1, ,http://ovc.catastro.meh.es/OVCServWeb/OVCWcfLibres/OVCFotoFachada.svc/RecuperarFotoFachadaGet?ReferenciaCatastral=1860128YJ2716B,jpeg,NotOfficial,grossFloorArea,99,m2,81.250000000000000,1104.007122329999902,89.700578689312493,12.342799627649399,40.123792877549604,98.921149999166275
631,ES.SDGC.BU.1860129YJ2716B,2020/12/18 00:00:00.000,functional,1952/01/01 00:00:00.000,1952/01/01 00:00:00.000, ,https://www1.sedecatastro.gob.es/CYCBienInmueble/OVCListaBienes.aspx?rc1=1860129&rc2=YJ2716B,1860129YJ2716B,1860129YJ2716B,ES.SDGC.BU,0.100000000000000,m,footPrint,1,1_residential,1,1, ,http://ovc.catastro.meh.es/OVCServWeb/OVCWcfLibres/OVCFotoFachada.svc/RecuperarFotoFachadaGet?ReferenciaCatastral=1860129YJ2716B,jpeg,NotOfficial,grossFloorArea,108,m2,68.750000000000000,1073.246737389999907,73.785713195562494,10.152914135709400,59.791482337650670,108.170099999623005
632,ES.SDGC.BU.1860130YJ2716B,2020/12/18 00:00:00.000,functional,2007/01/01 00:00:00.000,2007/01/01 00:00:00.000, ,https://www1.sedecatastro.gob.es/CYCBienInmueble/OVCListaBienes.aspx?rc1=1860130&rc2=YJ2716B,1860130YJ2716B,1860130YJ2716B,ES.SDGC.BU,0.100000000000000,m,footPrint,1,1_residential,1,1, ,http://ovc.catastro.meh.es/OVCServWeb/OVCWcfLibres/OVCFotoFachada.svc/RecuperarFotoFachadaGet?ReferenciaCatastral=1860130YJ2716B,jpeg,NotOfficial,grossFloorArea,423,m2,112.500000000000000,1171.679473879999932,131.813940811499975,18.137598255662397,85.108239365277740,198.959510919674074
633,ES.SDGC.BU.1860131YJ2716B,2020/12/18 00:00:00.000,functional,1954/01/01 00:00:00.000,1954/01/01 00:00:00.000, ,https://www1.sedecatastro.gob.es/CYCBienInmueble/OVCListaBienes.aspx?rc1=1860131&rc2=YJ2716B,1860131YJ2716B,1860131YJ2716B,ES.SDGC.BU,0.100000000000000,m,footPrint,1,1_residential,1,1, ,http://ovc.catastro.meh.es/OVCServWeb/OVCWcfLibres/OVCFotoFachada.svc/RecuperarFotoFachadaGet?ReferenciaCatastral=1860131YJ2716B,jpeg,NotOfficial,grossFloorArea,136,m2,25.000000000000000,1071.669082639999942,26.791727066000000,3.686541644281600,32.582236852670867,65.889523007449924
634,ES.SDGC.BU.1860132YJ2716B,2020/12/18 00:00:00.000,functional,1930/01/01 00:00:00.000,1930/01/01 00:00:00.000, ,https://www1.sedecatastro.gob.es/CYCBienInmueble/OVCListaBienes.aspx?rc1=1860132&rc2=YJ2716B,1860132YJ2716B,1860132YJ2716B,ES.SDGC.BU,0.100000000000000,m,footPrint,1,1_residential,1,1, ,http://ovc.catastro.meh.es/OVCServWeb/OVCWcfLibres/OVCFotoFachada.svc/RecuperarFotoFachadaGet?ReferenciaCatastral=1860132YJ2716B,jpeg,NotOfficial,grossFloorArea,144,m2,87.500000000000000,1122.483110699999997,98.217272186250000,13.514696652828000,48.541621855208980,115.508970003672331
635,ES.SDGC.BU.1860133YJ2716B,2020/12/18 00:00:00.000,functional,1928/01/01 00:00:00.000,2000/01/01 00:00:00.000, ,https://www1.sedecatastro.gob.es/CYCBienInmueble/OVCListaBienes.aspx?rc1=1860133&rc2=YJ2716B,1860133YJ2716B,1860133YJ2716B,ES.SDGC.BU,0.100000000000000,m,footPrint,1,1_residential,1,1, ,http://ovc.catastro.meh.es/OVCServWeb/OVCWcfLibres/OVCFotoFachada.svc/RecuperarFotoFachadaGet?ReferenciaCatastral=1860133YJ2716B,jpeg,NotOfficial,grossFloorArea,184,m2,68.750000000000000,1184.849298650000037,81.458389282187511,11.208674365229003,83.551476609718094,169.902698001426387
636,ES.SDGC.BU.1860901YJ2716B,2020/12/18 00:00:00.000,functional,2006/01/01 00:00:00.000,2006/01/01 00:00:00.000, ,https://www1.sedecatastro.gob.es/CYCBienInmueble/OVCListaBienes.aspx?rc1=1860901&rc2=YJ2716B,1860901YJ2716B,1860901YJ2716B,ES.SDGC.BU,0.100000000000000,m,footPrint,1,1_residential,10,10, ,http://ovc.catastro.meh.es/OVCServWeb/OVCWcfLibres/OVCFotoFachada.svc/RecuperarFotoFachadaGet?ReferenciaCatastral=1860901YJ2716B,jpeg,NotOfficial,grossFloorArea,2755,m2,525.000000000000000,1121.888564339999903,588.991496278499994,81.045229887921607,180.534482516059882,726.464736111098773
637,ES.SDGC.BU.1860902YJ2716B,2020/12/18 00:00:00.000,functional,1926/01/01 00:00:00.000,1926/01/01 00:00:00.000, ,https://www1.sedecatastro.gob.es/CYCBienInmueble/OVCListaBienes.aspx?rc1=1860902&rc2=YJ2716B,1860902YJ2716B,1860902YJ2716B,ES.SDGC.BU,0.100000000000000,m,footPrint,1,1_residential,1,1, ,http://ovc.catastro.meh.es/OVCServWeb/OVCWcfLibres/OVCFotoFachada.svc/RecuperarFotoFachadaGet?ReferenciaCatastral=1860902YJ2716B,jpeg,NotOfficial,grossFloorArea,139,m2,112.500000000000000,1115.877583819999927,125.536228179749983,17.273784997533596,74.111009255379955,137.684251006189868
638,ES.SDGC.BU.1860903YJ2716B,2020/12/18 00:00:00.000,functional,1925/01/01 00:00:00.000,1990/01/01 00:00:00.000, ,https://www1.sedecatastro.gob.es/CYCBienInmueble/OVCListaBienes.aspx?rc1=1860903&rc2=YJ2716B,1860903YJ2716B,1860903YJ2716B,ES.SDGC.BU,0.100000000000000,m,footPrint,1,1_residential,1,1, ,http://ovc.catastro.meh.es/OVCServWeb/OVCWcfLibres/OVCFotoFachada.svc/RecuperarFotoFachadaGet?ReferenciaCatastral=1860903YJ2716B,jpeg,NotOfficial,grossFloorArea,158,m2,68.750000000000000,1097.777626730000065,75.472211837687496,10.384976348865800,83.255379315464054,157.688340321355440
639,ES.SDGC.BU.1860904YJ2716B,2020/12/18 00:00:00.000,functional,1976/01/01 00:00:00.000,1976/01/01 00:00:00.000, ,https://www1.sedecatastro.gob.es/CYCBienInmueble/OVCListaBienes.aspx?rc1=1860904&rc2=YJ2716B,1860904YJ2716B,1860904YJ2716B,ES.SDGC.BU,0.100000000000000,m,footPrint,1,1_residential,10,8, ,http://ovc.catastro.meh.es/OVCServWeb/OVCWcfLibres/OVCFotoFachada.svc/RecuperarFotoFachadaGet?ReferenciaCatastral=1860904YJ2716B,jpeg,NotOfficial,grossFloorArea,900,m2,43.750000000000000,1094.724783760000037,47.894209289500004,6.590243198235201,60.848017228426251,209.578875000910358
640,ES.SDGC.BU.1860905YJ2716B,2020/12/18 00:00:00.000,functional,1966/01/01 00:00:00.000,1966/01/01 00:00:00.000, ,https://www1.sedecatastro.gob.es/CYCBienInmueble/OVCListaBienes.aspx?rc1=1860905&rc2=YJ2716B,1860905YJ2716B,1860905YJ2716B,ES.SDGC.BU,0.100000000000000,m,footPrint,1,1_residential,3,3, ,http://ovc.catastro.meh.es/OVCServWeb/OVCWcfLibres/OVCFotoFachada.svc/RecuperarFotoFachadaGet?ReferenciaCatastral=1860905YJ2716B,jpeg,NotOfficial,grossFloorArea,222,m2,25.000000000000000,1009.398574830000030,25.234964370749999,3.472331097415200,36.826535041983618,73.846099994274411
641,ES.SDGC.BU.1860906YJ2716B,2020/12/18 00:00:00.000,functional,1949/01/01 00:00:00.000,2000/01/01 00:00:00.000, ,https://www1.sedecatastro.gob.es/CYCBienInmueble/OVCListaBienes.aspx?rc1=1860906&rc2=YJ2716B,1860906YJ2716B,1860906YJ2716B,ES.SDGC.BU,0.100000000000000,m,footPrint,1,1_residential,1,1, ,http://ovc.catastro.meh.es/OVCServWeb/OVCWcfLibres/OVCFotoFachada.svc/RecuperarFotoFachadaGet?ReferenciaCatastral=1860906YJ2716B,jpeg,NotOfficial,grossFloorArea,283,m2,37.500000000000000,1128.148396809999895,42.305564880374995,5.821245727539599,66.567661817735313,132.921557244631060
642,ES.SDGC.BU.1860907YJ2716B,2020/12/18 00:00:00.000,functional,1929/01/01 00:00:00.000,1929/01/01 00:00:00.000, ,https://www1.sedecatastro.gob.es/CYCBienInmueble/OVCListaBienes.aspx?rc1=1860907&rc2=YJ2716B,1860907YJ2716B,1860907YJ2716B,ES.SDGC.BU,0.100000000000000,m,footPrint,1,1_residential,1,1, ,http://ovc.catastro.meh.es/OVCServWeb/OVCWcfLibres/OVCFotoFachada.svc/RecuperarFotoFachadaGet?ReferenciaCatastral=1860907YJ2716B,jpeg,NotOfficial,grossFloorArea,93,m2,50.000000000000000,1139.815605159999905,56.990780258000001,7.841931363500801,61.740178251036305,91.191478991366282
643,ES.SDGC.BU.1860908YJ2716B,2020/12/18 00:00:00.000,functional,1920/01/01 00:00:00.000,1997/01/01 00:00:00.000, ,https://www1.sedecatastro.gob.es/CYCBienInmueble/OVCListaBienes.aspx?rc1=1860908&rc2=YJ2716B,1860908YJ2716B,1860908YJ2716B,ES.SDGC.BU,0.100000000000000,m,footPrint,1,1_residential,1,1, ,http://ovc.catastro.meh.es/OVCServWeb/OVCWcfLibres/OVCFotoFachada.svc/RecuperarFotoFachadaGet?ReferenciaCatastral=1860908YJ2716B,jpeg,NotOfficial,grossFloorArea,273,m2,68.750000000000000,1089.834483749999890,74.926120757812484,10.309834216274998,94.929988931299448,173.851186899031745
644,ES.SDGC.BU.1860909YJ2716B,2020/12/18 00:00:00.000,functional,1954/01/01 00:00:00.000,1954/01/01 00:00:00.000, ,https://www1.sedecatastro.gob.es/CYCBienInmueble/OVCListaBienes.aspx?rc1=1860909&rc2=YJ2716B,1860909YJ2716B,1860909YJ2716B,ES.SDGC.BU,0.100000000000000,m,footPrint,1,1_residential,2,2, ,http://ovc.catastro.meh.es/OVCServWeb/OVCWcfLibres/OVCFotoFachada.svc/RecuperarFotoFachadaGet?ReferenciaCatastral=1860909YJ2716B,jpeg,NotOfficial,grossFloorArea,260,m2,87.500000000000000,1145.961748400000033,100.271652985000003,13.797379450736001,69.584625082570170,133.838877502447076
645,ES.SDGC.BU.1860910YJ2716B,2020/12/18 00:00:00.000,functional,1954/01/01 00:00:00.000,1954/01/01 00:00:00.000, ,https://www1.sedecatastro.gob.es/CYCBienInmueble/OVCListaBienes.aspx?rc1=1860910&rc2=YJ2716B,1860910YJ2716B,1860910YJ2716B,ES.SDGC.BU,0.100000000000000,m,footPrint,1,1_residential,1,1, ,http://ovc.catastro.meh.es/OVCServWeb/OVCWcfLibres/OVCFotoFachada.svc/RecuperarFotoFachadaGet?ReferenciaCatastral=1860910YJ2716B,jpeg,NotOfficial,grossFloorArea,300,m2,150.000000000000000,1195.434392290000005,179.315158843500001,24.673765856865600,61.632627016964008,179.067043092240709
646,ES.SDGC.BU.1860911YJ2716B,2020/12/18 00:00:00.000,functional,1943/01/01 00:00:00.000,1943/01/01 00:00:00.000, ,https://www1.sedecatastro.gob.es/CYCBienInmueble/OVCListaBienes.aspx?rc1=1860911&rc2=YJ2716B,1860911YJ2716B,1860911YJ2716B,ES.SDGC.BU,0.100000000000000,m,footPrint,1,1_residential,1,1, ,http://ovc.catastro.meh.es/OVCServWeb/OVCWcfLibres/OVCFotoFachada.svc/RecuperarFotoFachadaGet?ReferenciaCatastral=1860911YJ2716B,jpeg,NotOfficial,grossFloorArea,112,m2,100.000000000000000,1123.851123809999990,112.385112380999999,15.464191463625600,47.058850004918398,111.462717504062951
647,ES.SDGC.BU.1860912YJ2716B,2020/12/18 00:00:00.000,functional,1943/01/01 00:00:00.000,1943/01/01 00:00:00.000, ,https://www1.sedecatastro.gob.es/CYCBienInmueble/OVCListaBienes.aspx?rc1=1860912&rc2=YJ2716B,1860912YJ2716B,1860912YJ2716B,ES.SDGC.BU,0.100000000000000,m,footPrint,1,1_residential,1,1, ,http://ovc.catastro.meh.es/OVCServWeb/OVCWcfLibres/OVCFotoFachada.svc/RecuperarFotoFachadaGet?ReferenciaCatastral=1860912YJ2716B,jpeg,NotOfficial,grossFloorArea,118,m2,87.500000000000000,1021.132415769999966,89.349086379874990,12.294434285870798,49.706706574887086,123.131409000061254
648,ES.SDGC.BU.1860913YJ2716B,2020/12/18 00:00:00.000,functional,1995/01/01 00:00:00.000,2000/01/01 00:00:00.000, ,https://www1.sedecatastro.gob.es/CYCBienInmueble/OVCListaBienes.aspx?rc1=1860913&rc2=YJ2716B,1860913YJ2716B,1860913YJ2716B,ES.SDGC.BU,0.100000000000000,m,footPrint,1,1_residential,1,1, ,http://ovc.catastro.meh.es/OVCServWeb/OVCWcfLibres/OVCFotoFachada.svc/RecuperarFotoFachadaGet?ReferenciaCatastral=1860913YJ2716B,jpeg,NotOfficial,grossFloorArea,329,m2,87.500000000000000,1047.003853930000105,91.612837218875001,12.605926401317200,68.650850627931092,145.079389195927803
649,ES.SDGC.BU.1860914YJ2716B,2020/12/18 00:00:00.000,functional,1974/01/01 00:00:00.000,1974/01/01 00:00:00.000, ,https://www1.sedecatastro.gob.es/CYCBienInmueble/OVCListaBienes.aspx?rc1=1860914&rc2=YJ2716B,1860914YJ2716B,1860914YJ2716B,ES.SDGC.BU,0.100000000000000,m,footPrint,1,1_residential,2,2, ,http://ovc.catastro.meh.es/OVCServWeb/OVCWcfLibres/OVCFotoFachada.svc/RecuperarFotoFachadaGet?ReferenciaCatastral=1860914YJ2716B,jpeg,NotOfficial,grossFloorArea,213,m2,100.000000000000000,1089.338443760000018,108.933844376000010,14.989296986137603,67.524289487161013,133.237340497432541
650,ES.SDGC.BU.1860916YJ2716B,2020/12/18 00:00:00.000,functional,1970/01/01 00:00:00.000,1970/01/01 00:00:00.000, ,https://www1.sedecatastro.gob.es/CYCBienInmueble/OVCListaBienes.aspx?rc1=1860916&rc2=YJ2716B,1860916YJ2716B,1860916YJ2716B,ES.SDGC.BU,0.100000000000000,m,footPrint,1,1_residential,10,9, ,http://ovc.catastro.meh.es/OVCServWeb/OVCWcfLibres/OVCFotoFachada.svc/RecuperarFotoFachadaGet?ReferenciaCatastral=1860916YJ2716B,jpeg,NotOfficial,grossFloorArea,810,m2,50.000000000000000,1233.998092649999990,61.699904632500001,8.489906877432000,78.705956584452537,165.574942495551795
651,ES.SDGC.BU.1860917YJ2716B,2020/12/18 00:00:00.000,functional,1920/01/01 00:00:00.000,1920/01/01 00:00:00.000, ,https://www1.sedecatastro.gob.es/CYCBienInmueble/OVCListaBienes.aspx?rc1=1860917&rc2=YJ2716B,1860917YJ2716B,1860917YJ2716B,ES.SDGC.BU,0.100000000000000,m,footPrint,1,1_residential,1,1, ,http://ovc.catastro.meh.es/OVCServWeb/OVCWcfLibres/OVCFotoFachada.svc/RecuperarFotoFachadaGet?ReferenciaCatastral=1860917YJ2716B,jpeg,NotOfficial,grossFloorArea,162,m2,50.000000000000000,992.600860595999961,49.630043029799999,6.829093920900481,84.413550176261680,164.485564995333959
652,ES.SDGC.BU.1860918YJ2716B,2020/12/18 00:00:00.000,functional,1924/01/01 00:00:00.000,1924/01/01 00:00:00.000, ,https://www1.sedecatastro.gob.es/CYCBienInmueble/OVCListaBienes.aspx?rc1=1860918&rc2=YJ2716B,1860918YJ2716B,1860918YJ2716B,ES.SDGC.BU,0.100000000000000,m,footPrint,1,1_residential,1,1, ,http://ovc.catastro.meh.es/OVCServWeb/OVCWcfLibres/OVCFotoFachada.svc/RecuperarFotoFachadaGet?ReferenciaCatastral=1860918YJ2716B,jpeg,NotOfficial,grossFloorArea,232,m2,50.000000000000000,1083.702095030000010,54.185104751500006,7.455870413806402,52.831359853845527,123.314150011935652
653,ES.SDGC.BU.1860919YJ2716B,2020/12/18 00:00:00.000,functional,1928/01/01 00:00:00.000,2012/01/01 00:00:00.000, ,https://www1.sedecatastro.gob.es/CYCBienInmueble/OVCListaBienes.aspx?rc1=1860919&rc2=YJ2716B,1860919YJ2716B,1860919YJ2716B,ES.SDGC.BU,0.100000000000000,m,footPrint,1,1_residential,1,1, ,http://ovc.catastro.meh.es/OVCServWeb/OVCWcfLibres/OVCFotoFachada.svc/RecuperarFotoFachadaGet?ReferenciaCatastral=1860919YJ2716B,jpeg,NotOfficial,grossFloorArea,390,m2,137.500000000000000,1133.838636919999999,155.902812576499997,21.452227010526400,81.601627018076059,209.286713789811671
654,ES.SDGC.BU.1860920YJ2716B,2020/10/08 00:00:00.000,functional,1976/01/01 00:00:00.000,1976/01/01 00:00:00.000, ,https://www1.sedecatastro.gob.es/CYCBienInmueble/OVCListaBienes.aspx?rc1=1860920&rc2=YJ2716B,1860920YJ2716B,1860920YJ2716B,ES.SDGC.BU,0.100000000000000,m,footPrint,1,1_residential,5,4, ,http://ovc.catastro.meh.es/OVCServWeb/OVCWcfLibres/OVCFotoFachada.svc/RecuperarFotoFachadaGet?ReferenciaCatastral=1860920YJ2716B,jpeg,NotOfficial,grossFloorArea,892,m2,162.500000000000000,1106.047872690000077,179.732779312124990,24.731230433348397,104.875808194978049,343.258054997019769
655,ES.SDGC.BU.1860921YJ2716B,2020/12/18 00:00:00.000,functional,1930/01/01 00:00:00.000,1930/01/01 00:00:00.000, ,https://www1.sedecatastro.gob.es/CYCBienInmueble/OVCListaBienes.aspx?rc1=1860921&rc2=YJ2716B,1860921YJ2716B,1860921YJ2716B,ES.SDGC.BU,0.100000000000000,m,footPrint,1,1_residential,1,1, ,http://ovc.catastro.meh.es/OVCServWeb/OVCWcfLibres/OVCFotoFachada.svc/RecuperarFotoFachadaGet?ReferenciaCatastral=1860921YJ2716B,jpeg,NotOfficial,grossFloorArea,152,m2,31.250000000000000,1140.194384769999942,35.631074524062498,4.902835854511000,80.600859020781186,153.628600010200017
656,ES.SDGC.BU.1860922YJ2715H,2020/12/18 00:00:00.000,functional,1930/01/01 00:00:00.000,1930/01/01 00:00:00.000, ,https://www1.sedecatastro.gob.es/CYCBienInmueble/OVCListaBienes.aspx?rc1=1860922&rc2=YJ2715H,1860922YJ2715H,1860922YJ2715H,ES.SDGC.BU,0.100000000000000,m,footPrint,1,1_residential,1,1, ,http://ovc.catastro.meh.es/OVCServWeb/OVCWcfLibres/OVCFotoFachada.svc/RecuperarFotoFachadaGet?ReferenciaCatastral=1860922YJ2715H,jpeg,NotOfficial,grossFloorArea,126,m2,81.250000000000000,1127.255474379999896,91.589507293374993,12.602716203568399,65.593454489935723,127.284600001810674
657,ES.SDGC.BU.1860923YJ2715H,2020/12/18 00:00:00.000,functional,1930/01/01 00:00:00.000,1930/01/01 00:00:00.000, ,https://www1.sedecatastro.gob.es/CYCBienInmueble/OVCListaBienes.aspx?rc1=1860923&rc2=YJ2715H,1860923YJ2715H,1860923YJ2715H,ES.SDGC.BU,0.100000000000000,m,footPrint,1,1_residential,1,1, ,http://ovc.catastro.meh.es/OVCServWeb/OVCWcfLibres/OVCFotoFachada.svc/RecuperarFotoFachadaGet?ReferenciaCatastral=1860923YJ2715H,jpeg,NotOfficial,grossFloorArea,135,m2,75.000000000000000,1131.108093260000032,84.833106994500000,11.673035522443199,58.231753865692575,137.052050000155162
658,ES.SDGC.BU.1860924YJ2715H,2020/12/18 00:00:00.000,functional,1930/01/01 00:00:00.000,1930/01/01 00:00:00.000, ,https://www1.sedecatastro.gob.es/CYCBienInmueble/OVCListaBienes.aspx?rc1=1860924&rc2=YJ2715H,1860924YJ2715H,1860924YJ2715H,ES.SDGC.BU,0.100000000000000,m,footPrint,1,1_residential,1,1, ,http://ovc.catastro.meh.es/OVCServWeb/OVCWcfLibres/OVCFotoFachada.svc/RecuperarFotoFachadaGet?ReferenciaCatastral=1860924YJ2715H,jpeg,NotOfficial,grossFloorArea,189,m2,112.500000000000000,1147.104509139999891,129.049257278249996,17.757177801487202,99.428582115890777,190.663099998776431
659,ES.SDGC.BU.1860925YJ2715H,2020/12/18 00:00:00.000,functional,1941/01/01 00:00:00.000,1941/01/01 00:00:00.000, ,https://www1.sedecatastro.gob.es/CYCBienInmueble/OVCListaBienes.aspx?rc1=1860925&rc2=YJ2715H,1860925YJ2715H,1860925YJ2715H,ES.SDGC.BU,0.100000000000000,m,footPrint,1,1_residential,2,2, ,http://ovc.catastro.meh.es/OVCServWeb/OVCWcfLibres/OVCFotoFachada.svc/RecuperarFotoFachadaGet?ReferenciaCatastral=1860925YJ2715H,jpeg,NotOfficial,grossFloorArea,148,m2,68.750000000000000,1121.288951530000077,77.088615417687492,10.607393481473798,41.914286069797257,90.659299997707635
660,ES.SDGC.BU.1860926YJ2715H,2020/12/18 00:00:00.000,functional,1941/01/01 00:00:00.000,1941/01/01 00:00:00.000, ,https://www1.sedecatastro.gob.es/CYCBienInmueble/OVCListaBienes.aspx?rc1=1860926&rc2=YJ2715H,1860926YJ2715H,1860926YJ2715H,ES.SDGC.BU,0.100000000000000,m,footPrint,1,1_residential,2,2, ,http://ovc.catastro.meh.es/OVCServWeb/OVCWcfLibres/OVCFotoFachada.svc/RecuperarFotoFachadaGet?ReferenciaCatastral=1860926YJ2715H,jpeg,NotOfficial,grossFloorArea,120,m2,31.250000000000000,1066.853698729999905,33.339178085312497,4.587470904539000,41.652025938264188,67.876500002303160
661,ES.SDGC.BU.1862301YJ2716B,2001/11/19 00:00:00.000,functional,1929/01/01 00:00:00.000,1929/01/01 00:00:00.000, ,https://www1.sedecatastro.gob.es/CYCBienInmueble/OVCListaBienes.aspx?rc1=1862301&rc2=YJ2716B,1862301YJ2716B,1862301YJ2716B,ES.SDGC.BU,0.100000000000000,m,footPrint,1,3_industrial,1,0, ,http://ovc.catastro.meh.es/OVCServWeb/OVCWcfLibres/OVCFotoFachada.svc/RecuperarFotoFachadaGet?ReferenciaCatastral=1862301YJ2716B,jpeg,NotOfficial,grossFloorArea,115,m2,50.000000000000000,1113.800430300000016,55.690021514999998,7.662946960464000,62.190981155074304,114.977554008097684
662,ES.SDGC.BU.1862302YJ2716B,2001/11/19 00:00:00.000,functional,1930/01/01 00:00:00.000,2001/01/01 00:00:00.000, ,https://www1.sedecatastro.gob.es/CYCBienInmueble/OVCListaBienes.aspx?rc1=1862302&rc2=YJ2716B,1862302YJ2716B,1862302YJ2716B,ES.SDGC.BU,0.100000000000000,m,footPrint,1,1_residential,1,1, ,http://ovc.catastro.meh.es/OVCServWeb/OVCWcfLibres/OVCFotoFachada.svc/RecuperarFotoFachadaGet?ReferenciaCatastral=1862302YJ2716B,jpeg,NotOfficial,grossFloorArea,301,m2,68.750000000000000,1097.841652609999983,75.476613616937499,10.385582033690600,66.585783566840433,134.565283761671282
663,ES.SDGC.BU.1862303YJ2716B,2005/12/02 00:00:00.000,functional,2003/01/01 00:00:00.000,2003/01/01 00:00:00.000, ,https://www1.sedecatastro.gob.es/CYCBienInmueble/OVCListaBienes.aspx?rc1=1862303&rc2=YJ2716B,1862303YJ2716B,1862303YJ2716B,ES.SDGC.BU,0.100000000000000,m,footPrint,1,1_residential,1,1, ,http://ovc.catastro.meh.es/OVCServWeb/OVCWcfLibres/OVCFotoFachada.svc/RecuperarFotoFachadaGet?ReferenciaCatastral=1862303YJ2716B,jpeg,NotOfficial,grossFloorArea,288,m2,43.750000000000000,1007.529288159999965,44.079406356999996,6.065326314723199,47.064997814182561,118.550890551934145
664,ES.SDGC.BU.1862304YJ2716B,2016/08/10 00:00:00.000,functional,1930/01/01 00:00:00.000,1990/01/01 00:00:00.000, ,https://www1.sedecatastro.gob.es/CYCBienInmueble/OVCListaBienes.aspx?rc1=1862304&rc2=YJ2716B,1862304YJ2716B,1862304YJ2716B,ES.SDGC.BU,0.100000000000000,m,footPrint,1,1_residential,1,1, ,http://ovc.catastro.meh.es/OVCServWeb/OVCWcfLibres/OVCFotoFachada.svc/RecuperarFotoFachadaGet?ReferenciaCatastral=1862304YJ2716B,jpeg,NotOfficial,grossFloorArea,102,m2,75.000000000000000,1162.257639570000038,87.169322967750006,11.994498840362400,43.071910489300109,102.178089650766438
665,ES.SDGC.BU.1862305YJ2716B,2001/11/19 00:00:00.000,functional,1930/01/01 00:00:00.000,1930/01/01 00:00:00.000, ,https://www1.sedecatastro.gob.es/CYCBienInmueble/OVCListaBienes.aspx?rc1=1862305&rc2=YJ2716B,1862305YJ2716B,1862305YJ2716B,ES.SDGC.BU,0.100000000000000,m,footPrint,1,1_residential,1,1, ,http://ovc.catastro.meh.es/OVCServWeb/OVCWcfLibres/OVCFotoFachada.svc/RecuperarFotoFachadaGet?ReferenciaCatastral=1862305YJ2716B,jpeg,NotOfficial,grossFloorArea,115,m2,100.000000000000000,1258.111557010000070,125.811155701000004,17.311615024457602,46.989265155425180,115.106679998482747
666,ES.SDGC.BU.1862306YJ2716B,2001/11/19 00:00:00.000,functional,1930/01/01 00:00:00.000,1930/01/01 00:00:00.000, ,https://www1.sedecatastro.gob.es/CYCBienInmueble/OVCListaBienes.aspx?rc1=1862306&rc2=YJ2716B,1862306YJ2716B,1862306YJ2716B,ES.SDGC.BU,0.100000000000000,m,footPrint,1,1_residential,2,2, ,http://ovc.catastro.meh.es/OVCServWeb/OVCWcfLibres/OVCFotoFachada.svc/RecuperarFotoFachadaGet?ReferenciaCatastral=1862306YJ2716B,jpeg,NotOfficial,grossFloorArea,279,m2,156.250000000000000,1189.030344239999977,185.785991287499996,25.564152401159998,96.648676087240204,196.182765005712980
667,ES.SDGC.BU.1862307YJ2716B,2016/08/10 00:00:00.000,functional,1930/01/01 00:00:00.000,2000/01/01 00:00:00.000, ,https://www1.sedecatastro.gob.es/CYCBienInmueble/OVCListaBienes.aspx?rc1=1862307&rc2=YJ2716B,1862307YJ2716B,1862307YJ2716B,ES.SDGC.BU,0.100000000000000,m,footPrint,1,1_residential,3,3, ,http://ovc.catastro.meh.es/OVCServWeb/OVCWcfLibres/OVCFotoFachada.svc/RecuperarFotoFachadaGet?ReferenciaCatastral=1862307YJ2716B,jpeg,NotOfficial,grossFloorArea,309,m2,137.500000000000000,1238.780589709999958,170.332331085124991,23.437728757313199,71.966315382452336,161.133366107820649
668,ES.SDGC.BU.1862308YJ2716B,2001/11/19 00:00:00.000,functional,1964/01/01 00:00:00.000,1964/01/01 00:00:00.000, ,https://www1.sedecatastro.gob.es/CYCBienInmueble/OVCListaBienes.aspx?rc1=1862308&rc2=YJ2716B,1862308YJ2716B,1862308YJ2716B,ES.SDGC.BU,0.100000000000000,m,footPrint,1,1_residential,12,10, ,http://ovc.catastro.meh.es/OVCServWeb/OVCWcfLibres/OVCFotoFachada.svc/RecuperarFotoFachadaGet?ReferenciaCatastral=1862308YJ2716B,jpeg,NotOfficial,grossFloorArea,982,m2,87.500000000000000,1180.274174279999897,103.273990249499988,14.210501058331198,65.265480364444741,162.514162549055357
669,ES.SDGC.BU.1862309YJ2716B,2001/11/19 00:00:00.000,functional,1948/01/01 00:00:00.000,1948/01/01 00:00:00.000, ,https://www1.sedecatastro.gob.es/CYCBienInmueble/OVCListaBienes.aspx?rc1=1862309&rc2=YJ2716B,1862309YJ2716B,1862309YJ2716B,ES.SDGC.BU,0.100000000000000,m,footPrint,1,1_residential,2,2, ,http://ovc.catastro.meh.es/OVCServWeb/OVCWcfLibres/OVCFotoFachada.svc/RecuperarFotoFachadaGet?ReferenciaCatastral=1862309YJ2716B,jpeg,NotOfficial,grossFloorArea,168,m2,43.750000000000000,963.137529645999962,42.137266922012493,5.798087928468919,41.575773085594037,96.419165003487180
670,ES.SDGC.BU.1862311YJ2716B,2001/11/19 00:00:00.000,functional,1930/01/01 00:00:00.000,1930/01/01 00:00:00.000, ,https://www1.sedecatastro.gob.es/CYCBienInmueble/OVCListaBienes.aspx?rc1=1862311&rc2=YJ2716B,1862311YJ2716B,1862311YJ2716B,ES.SDGC.BU,0.100000000000000,m,footPrint,1,1_residential,1,1, ,http://ovc.catastro.meh.es/OVCServWeb/OVCWcfLibres/OVCFotoFachada.svc/RecuperarFotoFachadaGet?ReferenciaCatastral=1862311YJ2716B,jpeg,NotOfficial,grossFloorArea,118,m2,56.250000000000000,1152.120198569999957,64.806761169562492,8.917410336931798,58.761681696260595,117.450863012771890
671,ES.SDGC.BU.1862312YJ2716B,2016/08/10 00:00:00.000,functional,1992/01/01 00:00:00.000,1992/01/01 00:00:00.000, ,https://www1.sedecatastro.gob.es/CYCBienInmueble/OVCListaBienes.aspx?rc1=1862312&rc2=YJ2716B,1862312YJ2716B,1862312YJ2716B,ES.SDGC.BU,0.100000000000000,m,footPrint,1,1_residential,1,1, ,http://ovc.catastro.meh.es/OVCServWeb/OVCWcfLibres/OVCFotoFachada.svc/RecuperarFotoFachadaGet?ReferenciaCatastral=1862312YJ2716B,jpeg,NotOfficial,grossFloorArea,236,m2,56.250000000000000,1085.548461910000015,61.062100982437499,8.402145095183402,45.549233632523361,111.439687497830150
672,ES.SDGC.BU.1862313YJ2716B,2001/11/19 00:00:00.000,functional,1945/01/01 00:00:00.000,1945/01/01 00:00:00.000, ,https://www1.sedecatastro.gob.es/CYCBienInmueble/OVCListaBienes.aspx?rc1=1862313&rc2=YJ2716B,1862313YJ2716B,1862313YJ2716B,ES.SDGC.BU,0.100000000000000,m,footPrint,1,1_residential,1,1, ,http://ovc.catastro.meh.es/OVCServWeb/OVCWcfLibres/OVCFotoFachada.svc/RecuperarFotoFachadaGet?ReferenciaCatastral=1862313YJ2716B,jpeg,NotOfficial,grossFloorArea,138,m2,100.000000000000000,1116.612236019999955,111.661223601999993,15.364584367635199,47.235892476712316,122.413296500662426
673,ES.SDGC.BU.1862314YJ2716B,2001/11/19 00:00:00.000,functional,1940/01/01 00:00:00.000,1940/01/01 00:00:00.000, ,https://www1.sedecatastro.gob.es/CYCBienInmueble/OVCListaBienes.aspx?rc1=1862314&rc2=YJ2716B,1862314YJ2716B,1862314YJ2716B,ES.SDGC.BU,0.100000000000000,m,footPrint,1,1_residential,1,1, ,http://ovc.catastro.meh.es/OVCServWeb/OVCWcfLibres/OVCFotoFachada.svc/RecuperarFotoFachadaGet?ReferenciaCatastral=1862314YJ2716B,jpeg,NotOfficial,grossFloorArea,102,m2,68.750000000000000,1175.387784089999968,80.807910156187504,11.119168437491400,47.004511079806207,100.040399993993717
674,ES.SDGC.BU.1862315YJ2716B,2001/11/19 00:00:00.000,functional,1940/01/01 00:00:00.000,1940/01/01 00:00:00.000, ,https://www1.sedecatastro.gob.es/CYCBienInmueble/OVCListaBienes.aspx?rc1=1862315&rc2=YJ2716B,1862315YJ2716B,1862315YJ2716B,ES.SDGC.BU,0.100000000000000,m,footPrint,1,1_residential,1,1, ,http://ovc.catastro.meh.es/OVCServWeb/OVCWcfLibres/OVCFotoFachada.svc/RecuperarFotoFachadaGet?ReferenciaCatastral=1862315YJ2716B,jpeg,NotOfficial,grossFloorArea,114,m2,81.250000000000000,1175.950035679999928,95.545940399000003,13.147121398902401,68.269034297177726,114.093272498922857
675,ES.SDGC.BU.1862317YJ2716B,2001/11/19 00:00:00.000,functional,1945/01/01 00:00:00.000,1945/01/01 00:00:00.000, ,https://www1.sedecatastro.gob.es/CYCBienInmueble/OVCListaBienes.aspx?rc1=1862317&rc2=YJ2716B,1862317YJ2716B,1862317YJ2716B,ES.SDGC.BU,0.100000000000000,m,footPrint,1,1_residential,3,1, ,http://ovc.catastro.meh.es/OVCServWeb/OVCWcfLibres/OVCFotoFachada.svc/RecuperarFotoFachadaGet?ReferenciaCatastral=1862317YJ2716B,jpeg,NotOfficial,grossFloorArea,165,m2,18.750000000000000,857.307942708000041,16.074523925775001,2.211854492186640,38.560495155482535,84.947192508798906
676,ES.SDGC.BU.1862318YJ2716B,2001/11/19 00:00:00.000,functional,1978/01/01 00:00:00.000,1978/01/01 00:00:00.000, ,https://www1.sedecatastro.gob.es/CYCBienInmueble/OVCListaBienes.aspx?rc1=1862318&rc2=YJ2716B,1862318YJ2716B,1862318YJ2716B,ES.SDGC.BU,0.100000000000000,m,footPrint,1,1_residential,19,15, ,http://ovc.catastro.meh.es/OVCServWeb/OVCWcfLibres/OVCFotoFachada.svc/RecuperarFotoFachadaGet?ReferenciaCatastral=1862318YJ2716B,jpeg,NotOfficial,grossFloorArea,2089,m2,175.000000000000000,1212.964593070000092,212.268803787250022,29.208187401125606,91.715690889141285,376.113600015075519
677,ES.SDGC.BU.1862319YJ2716B,2001/11/19 00:00:00.000,functional,1944/01/01 00:00:00.000,1944/01/01 00:00:00.000, ,https://www1.sedecatastro.gob.es/CYCBienInmueble/OVCListaBienes.aspx?rc1=1862319&rc2=YJ2716B,1862319YJ2716B,1862319YJ2716B,ES.SDGC.BU,0.100000000000000,m,footPrint,1,3_industrial,1,0, ,http://ovc.catastro.meh.es/OVCServWeb/OVCWcfLibres/OVCFotoFachada.svc/RecuperarFotoFachadaGet?ReferenciaCatastral=1862319YJ2716B,jpeg,NotOfficial,grossFloorArea,98,m2,25.000000000000000,944.908294677999947,23.622707366949999,3.250484533692320,47.788477521579509,98.399621951521993
678,ES.SDGC.BU.1862320YJ2716B,2006/03/02 00:00:00.000,functional,2000/01/01 00:00:00.000,2000/01/01 00:00:00.000, ,https://www1.sedecatastro.gob.es/CYCBienInmueble/OVCListaBienes.aspx?rc1=1862320&rc2=YJ2716B,1862320YJ2716B,1862320YJ2716B,ES.SDGC.BU,0.100000000000000,m,footPrint,1,1_residential,1,1, ,http://ovc.catastro.meh.es/OVCServWeb/OVCWcfLibres/OVCFotoFachada.svc/RecuperarFotoFachadaGet?ReferenciaCatastral=1862320YJ2716B,jpeg,NotOfficial,grossFloorArea,542,m2,143.750000000000000,1088.060406229999899,156.408683395562491,21.521834835229399,64.334719580260867,183.530591047897587
679,ES.SDGC.BU.1862903YJ2716D,2001/11/19 00:00:00.000,declined,1929/01/01 00:00:00.000,1929/01/01 00:00:00.000, ,https://www1.sedecatastro.gob.es/CYCBienInmueble/OVCListaBienes.aspx?rc1=1862903&rc2=YJ2716D,1862903YJ2716D,1862903YJ2716D,ES.SDGC.BU,0.100000000000000,m,footPrint,1,3_industrial,1,0, ,http://ovc.catastro.meh.es/OVCServWeb/OVCWcfLibres/OVCFotoFachada.svc/RecuperarFotoFachadaGet?ReferenciaCatastral=1862903YJ2716D,jpeg,NotOfficial,grossFloorArea,72,m2,31.250000000000000,1084.046044919999986,33.876438903750000,4.661397993156000,7.928884414528913,2.370546583403627
680,ES.SDGC.BU.1862905YJ2716B,2016/04/05 00:00:00.000,functional,1946/01/01 00:00:00.000,2003/01/01 00:00:00.000, ,https://www1.sedecatastro.gob.es/CYCBienInmueble/OVCListaBienes.aspx?rc1=1862905&rc2=YJ2716B,1862905YJ2716B,1862905YJ2716B,ES.SDGC.BU,0.100000000000000,m,footPrint,1,1_residential,1,1, ,http://ovc.catastro.meh.es/OVCServWeb/OVCWcfLibres/OVCFotoFachada.svc/RecuperarFotoFachadaGet?ReferenciaCatastral=1862905YJ2716B,jpeg,NotOfficial,grossFloorArea,130,m2,43.750000000000000,1092.945530479999888,47.816366958499998,6.579532093489600,35.928753948790089,80.674973999437057
681,ES.SDGC.BU.1862906YJ2716B,2001/11/19 00:00:00.000,functional,1950/01/01 00:00:00.000,1950/01/01 00:00:00.000, ,https://www1.sedecatastro.gob.es/CYCBienInmueble/OVCListaBienes.aspx?rc1=1862906&rc2=YJ2716B,1862906YJ2716B,1862906YJ2716B,ES.SDGC.BU,0.100000000000000,m,footPrint,1,1_residential,1,1, ,http://ovc.catastro.meh.es/OVCServWeb/OVCWcfLibres/OVCFotoFachada.svc/RecuperarFotoFachadaGet?ReferenciaCatastral=1862906YJ2716B,jpeg,NotOfficial,grossFloorArea,123,m2,87.500000000000000,1104.347730360000014,96.630426406500007,13.296346673534401,56.967502905325802,122.779353302704010
682,ES.SDGC.BU.1862907YJ2716B,2009/02/18 00:00:00.000,functional,2008/01/01 00:00:00.000,2008/01/01 00:00:00.000, ,https://www1.sedecatastro.gob.es/CYCBienInmueble/OVCListaBienes.aspx?rc1=1862907&rc2=YJ2716B,1862907YJ2716B,1862907YJ2716B,ES.SDGC.BU,0.100000000000000,m,footPrint,1,1_residential,1,1, ,http://ovc.catastro.meh.es/OVCServWeb/OVCWcfLibres/OVCFotoFachada.svc/RecuperarFotoFachadaGet?ReferenciaCatastral=1862907YJ2716B,jpeg,NotOfficial,grossFloorArea,258,m2,25.000000000000000,1171.822875979999935,29.295571899500001,4.031070693371200,52.482324726068967,114.663955173119263
683,ES.SDGC.BU.1862908YJ2716B,2013/08/02 00:00:00.000,functional,1993/01/01 00:00:00.000,1993/01/01 00:00:00.000, ,https://www1.sedecatastro.gob.es/CYCBienInmueble/OVCListaBienes.aspx?rc1=1862908&rc2=YJ2716B,1862908YJ2716B,1862908YJ2716B,ES.SDGC.BU,0.100000000000000,m,footPrint,1,1_residential,2,2, ,http://ovc.catastro.meh.es/OVCServWeb/OVCWcfLibres/OVCFotoFachada.svc/RecuperarFotoFachadaGet?ReferenciaCatastral=1862908YJ2716B,jpeg,NotOfficial,grossFloorArea,395,m2,87.500000000000000,1155.059518000000025,101.067707824999999,13.906916596720000,54.139696629843613,153.925967520535437
684,ES.SDGC.BU.1862909YJ2716B,2016/04/05 00:00:00.000,functional,1930/01/01 00:00:00.000,2007/01/01 00:00:00.000, ,https://www1.sedecatastro.gob.es/CYCBienInmueble/OVCListaBienes.aspx?rc1=1862909&rc2=YJ2716B,1862909YJ2716B,1862909YJ2716B,ES.SDGC.BU,0.100000000000000,m,footPrint,1,1_residential,1,1, ,http://ovc.catastro.meh.es/OVCServWeb/OVCWcfLibres/OVCFotoFachada.svc/RecuperarFotoFachadaGet?ReferenciaCatastral=1862909YJ2716B,jpeg,NotOfficial,grossFloorArea,264,m2,118.750000000000000,1077.926542579999932,128.003776931375000,17.613319705757203,75.123449826269052,183.961981036179793
685,ES.SDGC.BU.1862910YJ2716B,2001/11/19 00:00:00.000,functional,1930/01/01 00:00:00.000,1930/01/01 00:00:00.000, ,https://www1.sedecatastro.gob.es/CYCBienInmueble/OVCListaBienes.aspx?rc1=1862910&rc2=YJ2716B,1862910YJ2716B,1862910YJ2716B,ES.SDGC.BU,0.100000000000000,m,footPrint,1,1_residential,1,1, ,http://ovc.catastro.meh.es/OVCServWeb/OVCWcfLibres/OVCFotoFachada.svc/RecuperarFotoFachadaGet?ReferenciaCatastral=1862910YJ2716B,jpeg,NotOfficial,grossFloorArea,188,m2,81.250000000000000,1177.588341350000064,95.679052734687502,13.165437656293001,55.426738381379899,122.887205507529075
686,ES.SDGC.BU.1862911YJ2716B,2016/08/10 00:00:00.000,functional,1959/01/01 00:00:00.000,2001/01/01 00:00:00.000, ,https://www1.sedecatastro.gob.es/CYCBienInmueble/OVCListaBienes.aspx?rc1=1862911&rc2=YJ2716B,1862911YJ2716B,1862911YJ2716B,ES.SDGC.BU,0.100000000000000,m,footPrint,1,1_residential,2,2, ,http://ovc.catastro.meh.es/OVCServWeb/OVCWcfLibres/OVCFotoFachada.svc/RecuperarFotoFachadaGet?ReferenciaCatastral=1862911YJ2716B,jpeg,NotOfficial,grossFloorArea,227,m2,93.750000000000000,1069.008772789999966,100.219572449062497,13.790213168991000,50.216451458723881,145.807752502218989
687,ES.SDGC.BU.1862912YJ2716B,2001/11/19 00:00:00.000,functional,1967/01/01 00:00:00.000,1967/01/01 00:00:00.000, ,https://www1.sedecatastro.gob.es/CYCBienInmueble/OVCListaBienes.aspx?rc1=1862912&rc2=YJ2716B,1862912YJ2716B,1862912YJ2716B,ES.SDGC.BU,0.100000000000000,m,footPrint,1,1_residential,4,4, ,http://ovc.catastro.meh.es/OVCServWeb/OVCWcfLibres/OVCFotoFachada.svc/RecuperarFotoFachadaGet?ReferenciaCatastral=1862912YJ2716B,jpeg,NotOfficial,grossFloorArea,284,m2,81.250000000000000,1172.950354939999897,95.302216338874985,13.113584968229198,66.801592560994152,159.646083501158870
688,ES.SDGC.BU.1862913YJ2716D,2001/11/19 00:00:00.000,functional,1967/01/01 00:00:00.000,1967/01/01 00:00:00.000, ,https://www1.sedecatastro.gob.es/CYCBienInmueble/OVCListaBienes.aspx?rc1=1862913&rc2=YJ2716D,1862913YJ2716D,1862913YJ2716D,ES.SDGC.BU,0.100000000000000,m,footPrint,1,1_residential,4,4, ,http://ovc.catastro.meh.es/OVCServWeb/OVCWcfLibres/OVCFotoFachada.svc/RecuperarFotoFachadaGet?ReferenciaCatastral=1862913YJ2716D,jpeg,NotOfficial,grossFloorArea,310,m2,87.500000000000000,1165.027278360000082,101.939886856499996,14.026928431454399,66.803930851690922,168.905400002664322
689,ES.SDGC.BU.1862914YJ2716D,2001/11/19 00:00:00.000,functional,1952/01/01 00:00:00.000,1952/01/01 00:00:00.000, ,https://www1.sedecatastro.gob.es/CYCBienInmueble/OVCListaBienes.aspx?rc1=1862914&rc2=YJ2716D,1862914YJ2716D,1862914YJ2716D,ES.SDGC.BU,0.100000000000000,m,footPrint,1,1_residential,1,1, ,http://ovc.catastro.meh.es/OVCServWeb/OVCWcfLibres/OVCFotoFachada.svc/RecuperarFotoFachadaGet?ReferenciaCatastral=1862914YJ2716D,jpeg,NotOfficial,grossFloorArea,234,m2,87.500000000000000,1134.430868969999892,99.262701034874993,13.658547662398799,49.107398381652459,111.221249994994139
690,ES.SDGC.BU.1862915YJ2716D,2001/11/19 00:00:00.000,functional,1943/01/01 00:00:00.000,1943/01/01 00:00:00.000, ,https://www1.sedecatastro.gob.es/CYCBienInmueble/OVCListaBienes.aspx?rc1=1862915&rc2=YJ2716D,1862915YJ2716D,1862915YJ2716D,ES.SDGC.BU,0.100000000000000,m,footPrint,1,1_residential,1,1, ,http://ovc.catastro.meh.es/OVCServWeb/OVCWcfLibres/OVCFotoFachada.svc/RecuperarFotoFachadaGet?ReferenciaCatastral=1862915YJ2716D,jpeg,NotOfficial,grossFloorArea,141,m2,100.000000000000000,1121.019584659999964,112.101958465999999,15.425229484921600,51.189565859648397,141.418600012501315
691,ES.SDGC.BU.1862916YJ2716D,2022/05/04 00:00:00.000,functional,2021/01/01 00:00:00.000,2021/01/01 00:00:00.000, ,https://www1.sedecatastro.gob.es/CYCBienInmueble/OVCListaBienes.aspx?rc1=1862916&rc2=YJ2716D,1862916YJ2716D,1862916YJ2716D,ES.SDGC.BU,0.100000000000000,m,footPrint,1,1_residential,1,1, ,http://ovc.catastro.meh.es/OVCServWeb/OVCWcfLibres/OVCFotoFachada.svc/RecuperarFotoFachadaGet?ReferenciaCatastral=1862916YJ2716D,jpeg,NotOfficial,grossFloorArea,222,m2,75.000000000000000,1142.833185830000048,85.712488937250001,11.794038477765600,44.108146454141220,112.884140991834755
692,ES.SDGC.BU.1862917YJ2716D,2001/11/19 00:00:00.000,functional,1945/01/01 00:00:00.000,1945/01/01 00:00:00.000, ,https://www1.sedecatastro.gob.es/CYCBienInmueble/OVCListaBienes.aspx?rc1=1862917&rc2=YJ2716D,1862917YJ2716D,1862917YJ2716D,ES.SDGC.BU,0.100000000000000,m,footPrint,1,1_residential,1,1, ,http://ovc.catastro.meh.es/OVCServWeb/OVCWcfLibres/OVCFotoFachada.svc/RecuperarFotoFachadaGet?ReferenciaCatastral=1862917YJ2716D,jpeg,NotOfficial,grossFloorArea,144,m2,62.500000000000000,1152.546746830000075,72.034171676875005,9.911902022737999,56.438666948285359,119.488499986595471
693,ES.SDGC.BU.1862918YJ2716D,2011/03/16 00:00:00.000,functional,1945/01/01 00:00:00.000,1945/01/01 00:00:00.000, ,https://www1.sedecatastro.gob.es/CYCBienInmueble/OVCListaBienes.aspx?rc1=1862918&rc2=YJ2716D,1862918YJ2716D,1862918YJ2716D,ES.SDGC.BU,0.100000000000000,m,footPrint,1,1_residential,1,1, ,http://ovc.catastro.meh.es/OVCServWeb/OVCWcfLibres/OVCFotoFachada.svc/RecuperarFotoFachadaGet?ReferenciaCatastral=1862918YJ2716D,jpeg,NotOfficial,grossFloorArea,97,m2,68.750000000000000,1139.415899099999933,78.334843063124993,10.778874405485999,51.597951298817250,90.500841294938169
694,ES.SDGC.BU.1862919YJ2716D,2011/03/16 00:00:00.000,functional,2006/01/01 00:00:00.000,2006/01/01 00:00:00.000, ,https://www1.sedecatastro.gob.es/CYCBienInmueble/OVCListaBienes.aspx?rc1=1862919&rc2=YJ2716D,1862919YJ2716D,1862919YJ2716D,ES.SDGC.BU,0.100000000000000,m,footPrint,1,1_residential,1,1, ,http://ovc.catastro.meh.es/OVCServWeb/OVCWcfLibres/OVCFotoFachada.svc/RecuperarFotoFachadaGet?ReferenciaCatastral=1862919YJ2716D,jpeg,NotOfficial,grossFloorArea,410,m2,62.500000000000000,1207.933508300000085,75.495844268750005,10.388228171380002,45.331212718384165,91.071349935415682
695,ES.SDGC.BU.1862920YJ2716D,2016/04/05 00:00:00.000,functional,2009/01/01 00:00:00.000,2009/01/01 00:00:00.000, ,https://www1.sedecatastro.gob.es/CYCBienInmueble/OVCListaBienes.aspx?rc1=1862920&rc2=YJ2716D,1862920YJ2716D,1862920YJ2716D,ES.SDGC.BU,0.100000000000000,m,footPrint,1,1_residential,1,1, ,http://ovc.catastro.meh.es/OVCServWeb/OVCWcfLibres/OVCFotoFachada.svc/RecuperarFotoFachadaGet?ReferenciaCatastral=1862920YJ2716D,jpeg,NotOfficial,grossFloorArea,302,m2,6.250000000000000,1069.365600589999985,6.683535003687500,0.919654416507400,31.481361345093930,57.270686724158203
696,ES.SDGC.BU.1862921YJ2716D,2001/11/19 00:00:00.000,functional,1928/01/01 00:00:00.000,1928/01/01 00:00:00.000, ,https://www1.sedecatastro.gob.es/CYCBienInmueble/OVCListaBienes.aspx?rc1=1862921&rc2=YJ2716D,1862921YJ2716D,1862921YJ2716D,ES.SDGC.BU,0.100000000000000,m,footPrint,1,1_residential,1,1, ,http://ovc.catastro.meh.es/OVCServWeb/OVCWcfLibres/OVCFotoFachada.svc/RecuperarFotoFachadaGet?ReferenciaCatastral=1862921YJ2716D,jpeg,NotOfficial,grossFloorArea,79,m2,25.000000000000000,1097.669525150000027,27.441738128750000,3.775983166516000,24.607796816871279,22.088656297509008
697,ES.SDGC.BU.1953401YJ2715D,2020/12/18 00:00:00.000,functional,1930/01/01 00:00:00.000,2007/01/01 00:00:00.000, ,https://www1.sedecatastro.gob.es/CYCBienInmueble/OVCListaBienes.aspx?rc1=1953401&rc2=YJ2715D,1953401YJ2715D,1953401YJ2715D,ES.SDGC.BU,0.100000000000000,m,footPrint,1,1_residential,1,0, ,http://ovc.catastro.meh.es/OVCServWeb/OVCWcfLibres/OVCFotoFachada.svc/RecuperarFotoFachadaGet?ReferenciaCatastral=1953401YJ2715D,jpeg,NotOfficial,grossFloorArea,121,m2,37.500000000000000,1067.395009359999904,40.027312850999998,5.507758248297599,25.103994060979545,13.362874980015295
698,ES.SDGC.BU.1953402YJ2715D,2020/12/18 00:00:00.000,functional,1930/01/01 00:00:00.000,1930/01/01 00:00:00.000, ,https://www1.sedecatastro.gob.es/CYCBienInmueble/OVCListaBienes.aspx?rc1=1953402&rc2=YJ2715D,1953402YJ2715D,1953402YJ2715D,ES.SDGC.BU,0.100000000000000,m,footPrint,1,3_industrial,1,0, ,http://ovc.catastro.meh.es/OVCServWeb/OVCWcfLibres/OVCFotoFachada.svc/RecuperarFotoFachadaGet?ReferenciaCatastral=1953402YJ2715D,jpeg,NotOfficial,grossFloorArea,110,m2,75.000000000000000,1074.818776450000087,80.611408233749998,11.092129772964000,13.011829207194282,1.406798537592090
699,ES.SDGC.BU.1953403YJ2715D,2020/12/18 00:00:00.000,functional,1889/01/01 00:00:00.000,1889/01/01 00:00:00.000, ,https://www1.sedecatastro.gob.es/CYCBienInmueble/OVCListaBienes.aspx?rc1=1953403&rc2=YJ2715D,1953403YJ2715D,1953403YJ2715D,ES.SDGC.BU,0.100000000000000,m,footPrint,1,3_industrial,1,0, ,http://ovc.catastro.meh.es/OVCServWeb/OVCWcfLibres/OVCFotoFachada.svc/RecuperarFotoFachadaGet?ReferenciaCatastral=1953403YJ2715D,jpeg,NotOfficial,grossFloorArea,218,m2,162.500000000000000,1171.590209960000038,190.383409118500026,26.196757094705603,21.324217681644392,1.781491410150590
700,ES.SDGC.BU.1953404YJ2715D,2020/12/18 00:00:00.000,functional,1889/01/01 00:00:00.000,1889/01/01 00:00:00.000, ,https://www1.sedecatastro.gob.es/CYCBienInmueble/OVCListaBienes.aspx?rc1=1953404&rc2=YJ2715D,1953404YJ2715D,1953404YJ2715D,ES.SDGC.BU,0.100000000000000,m,footPrint,1,1_residential,1,1, ,http://ovc.catastro.meh.es/OVCServWeb/OVCWcfLibres/OVCFotoFachada.svc/RecuperarFotoFachadaGet?ReferenciaCatastral=1953404YJ2715D,jpeg,NotOfficial,grossFloorArea,494,m2,212.500000000000000,1180.543823239999938,250.865562438500007,34.519101391537603,84.930039207791182,40.545937372006961
701,ES.SDGC.BU.1953405YJ2715D,2020/12/18 00:00:00.000,functional,1889/01/01 00:00:00.000,1889/01/01 00:00:00.000, ,https://www1.sedecatastro.gob.es/CYCBienInmueble/OVCListaBienes.aspx?rc1=1953405&rc2=YJ2715D,1953405YJ2715D,1953405YJ2715D,ES.SDGC.BU,0.100000000000000,m,footPrint,1,1_residential,1,1, ,http://ovc.catastro.meh.es/OVCServWeb/OVCWcfLibres/OVCFotoFachada.svc/RecuperarFotoFachadaGet?ReferenciaCatastral=1953405YJ2715D,jpeg,NotOfficial,grossFloorArea,430,m2,87.500000000000000,1154.937059670000053,101.056992721124999,13.905442198426801,68.121390893339111,74.056283714682777
702,ES.SDGC.BU.1953406YJ2715D,2020/12/18 00:00:00.000,functional,1889/01/01 00:00:00.000,1889/01/01 00:00:00.000, ,https://www1.sedecatastro.gob.es/CYCBienInmueble/OVCListaBienes.aspx?rc1=1953406&rc2=YJ2715D,1953406YJ2715D,1953406YJ2715D,ES.SDGC.BU,0.100000000000000,m,footPrint,1,1_residential,1,1, ,http://ovc.catastro.meh.es/OVCServWeb/OVCWcfLibres/OVCFotoFachada.svc/RecuperarFotoFachadaGet?ReferenciaCatastral=1953406YJ2715D,jpeg,NotOfficial,grossFloorArea,203,m2,31.250000000000000,1041.527429199999915,32.547732162499997,4.478567945560000,17.938820311134290,7.528869931483499
703,ES.SDGC.BU.1953407YJ2715D,2020/12/18 00:00:00.000,functional,1889/01/01 00:00:00.000,1889/01/01 00:00:00.000, ,https://www1.sedecatastro.gob.es/CYCBienInmueble/OVCListaBienes.aspx?rc1=1953407&rc2=YJ2715D,1953407YJ2715D,1953407YJ2715D,ES.SDGC.BU,0.100000000000000,m,footPrint,1,1_residential,1,1, ,http://ovc.catastro.meh.es/OVCServWeb/OVCWcfLibres/OVCFotoFachada.svc/RecuperarFotoFachadaGet?ReferenciaCatastral=1953407YJ2715D,jpeg,NotOfficial,grossFloorArea,74,m2,6.250000000000000,1023.314575200000036,6.395716095000000,0.880050534672000,6.266177975546947,1.863170384910812
704,ES.SDGC.BU.1953410YJ2715D,2020/12/18 00:00:00.000,functional,1954/01/01 00:00:00.000,1954/01/01 00:00:00.000, ,https://www1.sedecatastro.gob.es/CYCBienInmueble/OVCListaBienes.aspx?rc1=1953410&rc2=YJ2715D,1953410YJ2715D,1953410YJ2715D,ES.SDGC.BU,0.100000000000000,m,footPrint,1,1_residential,2,2, ,http://ovc.catastro.meh.es/OVCServWeb/OVCWcfLibres/OVCFotoFachada.svc/RecuperarFotoFachadaGet?ReferenciaCatastral=1953410YJ2715D,jpeg,NotOfficial,grossFloorArea,156,m2,31.250000000000000,1229.535156250000000,38.422973632812500,5.287001171875001,9.771146368226269,3.265304011882177
705,ES.SDGC.BU.1953412YJ2715D,2020/12/18 00:00:00.000,functional,1973/01/01 00:00:00.000,1973/01/01 00:00:00.000, ,https://www1.sedecatastro.gob.es/CYCBienInmueble/OVCListaBienes.aspx?rc1=1953412&rc2=YJ2715D,1953412YJ2715D,1953412YJ2715D,ES.SDGC.BU,0.100000000000000,m,footPrint,1,1_residential,8,6, ,http://ovc.catastro.meh.es/OVCServWeb/OVCWcfLibres/OVCFotoFachada.svc/RecuperarFotoFachadaGet?ReferenciaCatastral=1953412YJ2715D,jpeg,NotOfficial,grossFloorArea,1163,m2,262.500000000000000,1107.783268520000092,290.793107986500047,40.013131658942406,117.975307400846987,349.840616269412806
706,ES.SDGC.BU.1953413YJ2715D,2020/12/18 00:00:00.000,functional,1920/01/01 00:00:00.000,1920/01/01 00:00:00.000, ,https://www1.sedecatastro.gob.es/CYCBienInmueble/OVCListaBienes.aspx?rc1=1953413&rc2=YJ2715D,1953413YJ2715D,1953413YJ2715D,ES.SDGC.BU,0.100000000000000,m,footPrint,1,1_residential,1,1, ,http://ovc.catastro.meh.es/OVCServWeb/OVCWcfLibres/OVCFotoFachada.svc/RecuperarFotoFachadaGet?ReferenciaCatastral=1953413YJ2715D,jpeg,NotOfficial,grossFloorArea,378,m2,93.750000000000000,1080.082796220000091,101.257762145625009,13.933068071238001,74.119887329327781,136.938352050127065
707,ES.SDGC.BU.1953415YJ2715D,2020/12/18 00:00:00.000,functional,1889/01/01 00:00:00.000,1990/01/01 00:00:00.000, ,https://www1.sedecatastro.gob.es/CYCBienInmueble/OVCListaBienes.aspx?rc1=1953415&rc2=YJ2715D,1953415YJ2715D,1953415YJ2715D,ES.SDGC.BU,0.100000000000000,m,footPrint,1,3_industrial,1,0, ,http://ovc.catastro.meh.es/OVCServWeb/OVCWcfLibres/OVCFotoFachada.svc/RecuperarFotoFachadaGet?ReferenciaCatastral=1953415YJ2715D,jpeg,NotOfficial,grossFloorArea,561,m2,231.250000000000000,1176.484290869999995,272.061992263687500,37.435730135483396,80.431536973947104,205.989568424822664
708,ES.SDGC.BU.1953416YJ2725C,2020/12/18 00:00:00.000,functional,1997/01/01 00:00:00.000,2000/01/01 00:00:00.000, ,https://www1.sedecatastro.gob.es/CYCBienInmueble/OVCListaBienes.aspx?rc1=1953416&rc2=YJ2725C,1953416YJ2725C,1953416YJ2725C,ES.SDGC.BU,0.100000000000000,m,footPrint,1,1_residential,1,1, ,http://ovc.catastro.meh.es/OVCServWeb/OVCWcfLibres/OVCFotoFachada.svc/RecuperarFotoFachadaGet?ReferenciaCatastral=1953416YJ2725C,jpeg,NotOfficial,grossFloorArea,420,m2,131.250000000000000,1197.911446710000064,157.225877380687507,21.634280727582603,29.079272417950591,13.596497818211452
709,ES.SDGC.BU.1953419YJ2725C,2020/12/18 00:00:00.000,functional,2001/01/01 00:00:00.000,2001/01/01 00:00:00.000, ,https://www1.sedecatastro.gob.es/CYCBienInmueble/OVCListaBienes.aspx?rc1=1953419&rc2=YJ2725C,1953419YJ2725C,1953419YJ2725C,ES.SDGC.BU,0.100000000000000,m,footPrint,1,1_residential,1,1, ,http://ovc.catastro.meh.es/OVCServWeb/OVCWcfLibres/OVCFotoFachada.svc/RecuperarFotoFachadaGet?ReferenciaCatastral=1953419YJ2725C,jpeg,NotOfficial,grossFloorArea,242,m2,87.500000000000000,1196.786385670000072,104.718808746125006,14.409308083466801,30.499295158264630,12.064867430498177
710,ES.SDGC.BU.1953420YJ2725C,2020/12/18 00:00:00.000,functional,1970/01/01 00:00:00.000,1970/01/01 00:00:00.000, ,https://www1.sedecatastro.gob.es/CYCBienInmueble/OVCListaBienes.aspx?rc1=1953420&rc2=YJ2725C,1953420YJ2725C,1953420YJ2725C,ES.SDGC.BU,0.100000000000000,m,footPrint,1,1_residential,4,2, ,http://ovc.catastro.meh.es/OVCServWeb/OVCWcfLibres/OVCFotoFachada.svc/RecuperarFotoFachadaGet?ReferenciaCatastral=1953420YJ2725C,jpeg,NotOfficial,grossFloorArea,237,m2,87.500000000000000,1190.105024069999899,104.134189606124991,14.328864489802799,44.625594501371801,122.471237013979248
711,ES.SDGC.BU.1953422YJ2725C,2020/12/18 00:00:00.000,functional,1889/01/01 00:00:00.000,1970/01/01 00:00:00.000, ,https://www1.sedecatastro.gob.es/CYCBienInmueble/OVCListaBienes.aspx?rc1=1953422&rc2=YJ2725C,1953422YJ2725C,1953422YJ2725C,ES.SDGC.BU,0.100000000000000,m,footPrint,1,3_industrial,1,0, ,http://ovc.catastro.meh.es/OVCServWeb/OVCWcfLibres/OVCFotoFachada.svc/RecuperarFotoFachadaGet?ReferenciaCatastral=1953422YJ2725C,jpeg,NotOfficial,grossFloorArea,144,m2,68.750000000000000,1089.705766159999939,74.917271423499997,10.308616547873600,48.662992971736251,144.824170717374898
712,ES.SDGC.BU.1953423YJ2725C,2020/12/18 00:00:00.000,functional,1889/01/01 00:00:00.000,1889/01/01 00:00:00.000, ,https://www1.sedecatastro.gob.es/CYCBienInmueble/OVCListaBienes.aspx?rc1=1953423&rc2=YJ2725C,1953423YJ2725C,1953423YJ2725C,ES.SDGC.BU,0.100000000000000,m,footPrint,1,3_industrial,1,0, ,http://ovc.catastro.meh.es/OVCServWeb/OVCWcfLibres/OVCFotoFachada.svc/RecuperarFotoFachadaGet?ReferenciaCatastral=1953423YJ2725C,jpeg,NotOfficial,grossFloorArea,210,m2,31.250000000000000,1070.878698729999996,33.464959335312500,4.604778404539000,47.113316498242007,105.393114997446659
713,ES.SDGC.BU.1953424YJ2725C,2020/12/18 00:00:00.000,functional,1973/01/01 00:00:00.000,1973/01/01 00:00:00.000, ,https://www1.sedecatastro.gob.es/CYCBienInmueble/OVCListaBienes.aspx?rc1=1953424&rc2=YJ2725C,1953424YJ2725C,1953424YJ2725C,ES.SDGC.BU,0.100000000000000,m,footPrint,1,1_residential,8,6, ,http://ovc.catastro.meh.es/OVCServWeb/OVCWcfLibres/OVCFotoFachada.svc/RecuperarFotoFachadaGet?ReferenciaCatastral=1953424YJ2725C,jpeg,NotOfficial,grossFloorArea,832,m2,100.000000000000000,1108.391857150000078,110.839185715000013,15.251471954384003,20.971535891165544,7.633639922533730
714,ES.SDGC.BU.1953425YJ2725C,2020/12/18 00:00:00.000,functional,1889/01/01 00:00:00.000,1889/01/01 00:00:00.000, ,https://www1.sedecatastro.gob.es/CYCBienInmueble/OVCListaBienes.aspx?rc1=1953425&rc2=YJ2725C,1953425YJ2725C,1953425YJ2725C,ES.SDGC.BU,0.100000000000000,m,footPrint,1,3_industrial,1,0, ,http://ovc.catastro.meh.es/OVCServWeb/OVCWcfLibres/OVCFotoFachada.svc/RecuperarFotoFachadaGet?ReferenciaCatastral=1953425YJ2725C,jpeg,NotOfficial,grossFloorArea,255,m2,62.500000000000000,1081.043933109999898,67.565245819374994,9.296977824746000,18.314593516561359,7.288344482448837
715,ES.SDGC.BU.1953429YJ2725C,2020/12/18 00:00:00.000,functional,1981/01/01 00:00:00.000,1981/01/01 00:00:00.000, ,https://www1.sedecatastro.gob.es/CYCBienInmueble/OVCListaBienes.aspx?rc1=1953429&rc2=YJ2725C,1953429YJ2725C,1953429YJ2725C,ES.SDGC.BU,0.100000000000000,m,footPrint,1,1_residential,16,15, ,http://ovc.catastro.meh.es/OVCServWeb/OVCWcfLibres/OVCFotoFachada.svc/RecuperarFotoFachadaGet?ReferenciaCatastral=1953429YJ2725C,jpeg,NotOfficial,grossFloorArea,2098,m2,156.250000000000000,1159.443334959999902,181.163021087499970,24.928031701639995,78.801791038949830,387.778179083050077
716,ES.SDGC.BU.1953430YJ2725C,2020/12/18 00:00:00.000,functional,1975/01/01 00:00:00.000,1975/01/01 00:00:00.000, ,https://www1.sedecatastro.gob.es/CYCBienInmueble/OVCListaBienes.aspx?rc1=1953430&rc2=YJ2725C,1953430YJ2725C,1953430YJ2725C,ES.SDGC.BU,0.100000000000000,m,footPrint,1,1_residential,17,15, ,http://ovc.catastro.meh.es/OVCServWeb/OVCWcfLibres/OVCFotoFachada.svc/RecuperarFotoFachadaGet?ReferenciaCatastral=1953430YJ2725C,jpeg,NotOfficial,grossFloorArea,1624,m2,175.000000000000000,1162.234959189999927,203.391117858249999,27.986617817295201,67.665682125149971,293.729529604884817
717,ES.SDGC.BU.1953433YJ2715D,2020/12/18 00:00:00.000,functional,1960/01/01 00:00:00.000,1960/01/01 00:00:00.000, ,https://www1.sedecatastro.gob.es/CYCBienInmueble/OVCListaBienes.aspx?rc1=1953433&rc2=YJ2715D,1953433YJ2715D,1953433YJ2715D,ES.SDGC.BU,0.100000000000000,m,footPrint,1,1_residential,6,5, ,http://ovc.catastro.meh.es/OVCServWeb/OVCWcfLibres/OVCFotoFachada.svc/RecuperarFotoFachadaGet?ReferenciaCatastral=1953433YJ2715D,jpeg,NotOfficial,grossFloorArea,620,m2,118.750000000000000,1029.008956110000099,122.194813538062519,16.814006342837402,107.389647636278568,320.195695004064135
718,ES.SDGC.BU.1953434YJ2715D,2020/12/18 00:00:00.000,functional,1968/01/01 00:00:00.000,1968/01/01 00:00:00.000, ,https://www1.sedecatastro.gob.es/CYCBienInmueble/OVCListaBienes.aspx?rc1=1953434&rc2=YJ2715D,1953434YJ2715D,1953434YJ2715D,ES.SDGC.BU,0.100000000000000,m,footPrint,1,1_residential,19,16, ,http://ovc.catastro.meh.es/OVCServWeb/OVCWcfLibres/OVCFotoFachada.svc/RecuperarFotoFachadaGet?ReferenciaCatastral=1953434YJ2715D,jpeg,NotOfficial,grossFloorArea,1652,m2,231.250000000000000,1185.812318539999978,274.219098662375018,37.732547975942801,105.321777409144019,436.617960394432657
719,ES.SDGC.BU.1953435YJ2715D,2020/12/18 00:00:00.000,functional,1969/01/01 00:00:00.000,1969/01/01 00:00:00.000, ,https://www1.sedecatastro.gob.es/CYCBienInmueble/OVCListaBienes.aspx?rc1=1953435&rc2=YJ2715D,1953435YJ2715D,1953435YJ2715D,ES.SDGC.BU,0.100000000000000,m,footPrint,1,1_residential,17,15, ,http://ovc.catastro.meh.es/OVCServWeb/OVCWcfLibres/OVCFotoFachada.svc/RecuperarFotoFachadaGet?ReferenciaCatastral=1953435YJ2715D,jpeg,NotOfficial,grossFloorArea,1730,m2,293.750000000000000,1110.492727730000070,326.207238770687525,44.886116054846603,114.473115326206496,545.148588643793460
720,ES.SDGC.BU.1953437YJ2715D,2020/12/18 00:00:00.000,ruin,1889/01/01 00:00:00.000,1889/01/01 00:00:00.000, ,https://www1.sedecatastro.gob.es/CYCBienInmueble/OVCListaBienes.aspx?rc1=1953437&rc2=YJ2715D,1953437YJ2715D,1953437YJ2715D,ES.SDGC.BU,0.100000000000000,m,footPrint,1, ,1,0, ,http://ovc.catastro.meh.es/OVCServWeb/OVCWcfLibres/OVCFotoFachada.svc/RecuperarFotoFachadaGet?ReferenciaCatastral=1953437YJ2715D,jpeg,NotOfficial,grossFloorArea,45,m2,6.250000000000000,1160.904785160000074,7.255654907250000,0.998378115237600,7.582239324148538,0.371173969075343
721,ES.SDGC.BU.1953438YJ2725C,2020/12/18 00:00:00.000,functional,1997/01/01 00:00:00.000,1997/01/01 00:00:00.000, ,https://www1.sedecatastro.gob.es/CYCBienInmueble/OVCListaBienes.aspx?rc1=1953438&rc2=YJ2725C,1953438YJ2725C,1953438YJ2725C,ES.SDGC.BU,0.100000000000000,m,footPrint,1,1_residential,1,1, ,http://ovc.catastro.meh.es/OVCServWeb/OVCWcfLibres/OVCFotoFachada.svc/RecuperarFotoFachadaGet?ReferenciaCatastral=1953438YJ2725C,jpeg,NotOfficial,grossFloorArea,385,m2,156.250000000000000,1209.468120120000094,188.979393768750015,26.003564582580001,25.739475934246329,11.705874217806731
722,ES.SDGC.BU.1953439YJ2715D,2020/12/18 00:00:00.000,functional,1889/01/01 00:00:00.000,1889/01/01 00:00:00.000, ,https://www1.sedecatastro.gob.es/CYCBienInmueble/OVCListaBienes.aspx?rc1=1953439&rc2=YJ2715D,1953439YJ2715D,1953439YJ2715D,ES.SDGC.BU,0.100000000000000,m,footPrint,1,1_residential,1,0, ,http://ovc.catastro.meh.es/OVCServWeb/OVCWcfLibres/OVCFotoFachada.svc/RecuperarFotoFachadaGet?ReferenciaCatastral=1953439YJ2715D,jpeg,NotOfficial,grossFloorArea,32,m2,12.500000000000000,1130.738281250000000,14.134228515625001,1.944869843750000,23.912967403212381,32.478205054739369
723,ES.SDGC.BU.1954301YJ2715D,2020/12/18 00:00:00.000,functional,1930/01/01 00:00:00.000,1930/01/01 00:00:00.000, ,https://www1.sedecatastro.gob.es/CYCBienInmueble/OVCListaBienes.aspx?rc1=1954301&rc2=YJ2715D,1954301YJ2715D,1954301YJ2715D,ES.SDGC.BU,0.100000000000000,m,footPrint,1,1_residential,2,2, ,http://ovc.catastro.meh.es/OVCServWeb/OVCWcfLibres/OVCFotoFachada.svc/RecuperarFotoFachadaGet?ReferenciaCatastral=1954301YJ2715D,jpeg,NotOfficial,grossFloorArea,246,m2,68.750000000000000,1178.414600719999953,81.016003799499998,11.147802122811200,64.382201254566183,151.292433227008274
724,ES.SDGC.BU.1954302YJ2725C,2020/12/18 00:00:00.000,functional,1973/01/01 00:00:00.000,1973/01/01 00:00:00.000, ,https://www1.sedecatastro.gob.es/CYCBienInmueble/OVCListaBienes.aspx?rc1=1954302&rc2=YJ2725C,1954302YJ2725C,1954302YJ2725C,ES.SDGC.BU,0.100000000000000,m,footPrint,1,1_residential,20,15, ,http://ovc.catastro.meh.es/OVCServWeb/OVCWcfLibres/OVCFotoFachada.svc/RecuperarFotoFachadaGet?ReferenciaCatastral=1954302YJ2725C,jpeg,NotOfficial,grossFloorArea,1869,m2,231.250000000000000,1136.822795150000047,262.890271378437546,36.173701341673009,87.501511168788355,414.674531639186455
725,ES.SDGC.BU.1954303YJ2725C,2020/12/18 00:00:00.000,functional,2002/01/01 00:00:00.000,2002/01/01 00:00:00.000, ,https://www1.sedecatastro.gob.es/CYCBienInmueble/OVCListaBienes.aspx?rc1=1954303&rc2=YJ2725C,1954303YJ2725C,1954303YJ2725C,ES.SDGC.BU,0.100000000000000,m,footPrint,1,1_residential,12,12, ,http://ovc.catastro.meh.es/OVCServWeb/OVCWcfLibres/OVCFotoFachada.svc/RecuperarFotoFachadaGet?ReferenciaCatastral=1954303YJ2725C,jpeg,NotOfficial,grossFloorArea,2989,m2,512.500000000000000,1207.153888240000015,618.666367723000008,85.128492198684796,191.667197398072858,890.128345705668835
726,ES.SDGC.BU.1954304YJ2715D,2020/10/29 00:00:00.000,functional,2006/01/01 00:00:00.000,2006/01/01 00:00:00.000, ,https://www1.sedecatastro.gob.es/CYCBienInmueble/OVCListaBienes.aspx?rc1=1954304&rc2=YJ2715D,1954304YJ2715D,1954304YJ2715D,ES.SDGC.BU,0.100000000000000,m,footPrint,1,1_residential,5,5, ,http://ovc.catastro.meh.es/OVCServWeb/OVCWcfLibres/OVCFotoFachada.svc/RecuperarFotoFachadaGet?ReferenciaCatastral=1954304YJ2715D,jpeg,NotOfficial,grossFloorArea,1199,m2,243.750000000000000,1133.882308570000077,276.383812713937516,38.030412629437805,101.835424867025935,316.726693779162986
727,ES.SDGC.BU.1954305YJ2715D,2020/12/18 00:00:00.000,functional,1930/01/01 00:00:00.000,1930/01/01 00:00:00.000, ,https://www1.sedecatastro.gob.es/CYCBienInmueble/OVCListaBienes.aspx?rc1=1954305&rc2=YJ2715D,1954305YJ2715D,1954305YJ2715D,ES.SDGC.BU,0.100000000000000,m,footPrint,1,4_2_retail,2,0, ,http://ovc.catastro.meh.es/OVCServWeb/OVCWcfLibres/OVCFotoFachada.svc/RecuperarFotoFachadaGet?ReferenciaCatastral=1954305YJ2715D,jpeg,NotOfficial,grossFloorArea,185,m2,68.750000000000000,992.639809347999972,68.243986892674997,9.390372596432080,58.567937238546527,132.878343992640566
728,ES.SDGC.BU.1954801YJ2715D,2020/12/18 00:00:00.000,functional,1930/01/01 00:00:00.000,1930/01/01 00:00:00.000, ,https://www1.sedecatastro.gob.es/CYCBienInmueble/OVCListaBienes.aspx?rc1=1954801&rc2=YJ2715D,1954801YJ2715D,1954801YJ2715D,ES.SDGC.BU,0.100000000000000,m,footPrint,1,1_residential,1,1, ,http://ovc.catastro.meh.es/OVCServWeb/OVCWcfLibres/OVCFotoFachada.svc/RecuperarFotoFachadaGet?ReferenciaCatastral=1954801YJ2715D,jpeg,NotOfficial,grossFloorArea,62,m2,18.750000000000000,1182.948404949999940,22.180282592812500,3.052006884771000,35.790792396519123,62.704759505162350
729,ES.SDGC.BU.1954806YJ2715D,2020/12/18 00:00:00.000,functional,1930/01/01 00:00:00.000,1930/01/01 00:00:00.000, ,https://www1.sedecatastro.gob.es/CYCBienInmueble/OVCListaBienes.aspx?rc1=1954806&rc2=YJ2715D,1954806YJ2715D,1954806YJ2715D,ES.SDGC.BU,0.100000000000000,m,footPrint,1,1_residential,1,1, ,http://ovc.catastro.meh.es/OVCServWeb/OVCWcfLibres/OVCFotoFachada.svc/RecuperarFotoFachadaGet?ReferenciaCatastral=1954806YJ2715D,jpeg,NotOfficial,grossFloorArea,107,m2,75.000000000000000,1222.215515139999980,91.666163635499998,12.613264116244800,55.335106779139210,107.293072996186979
730,ES.SDGC.BU.1954807YJ2715D,2020/12/18 00:00:00.000,functional,1940/01/01 00:00:00.000,1940/01/01 00:00:00.000, ,https://www1.sedecatastro.gob.es/CYCBienInmueble/OVCListaBienes.aspx?rc1=1954807&rc2=YJ2715D,1954807YJ2715D,1954807YJ2715D,ES.SDGC.BU,0.100000000000000,m,footPrint,1,1_residential,1,1, ,http://ovc.catastro.meh.es/OVCServWeb/OVCWcfLibres/OVCFotoFachada.svc/RecuperarFotoFachadaGet?ReferenciaCatastral=1954807YJ2715D,jpeg,NotOfficial,grossFloorArea,200,m2,25.000000000000000,1058.169982910000044,26.454249572750001,3.640104741210400,47.868487680937754,99.646493014830256
731,ES.SDGC.BU.1954808YJ2715D,2020/12/18 00:00:00.000,functional,1968/01/01 00:00:00.000,1968/01/01 00:00:00.000, ,https://www1.sedecatastro.gob.es/CYCBienInmueble/OVCListaBienes.aspx?rc1=1954808&rc2=YJ2715D,1954808YJ2715D,1954808YJ2715D,ES.SDGC.BU,0.100000000000000,m,footPrint,1,1_residential,12,8, ,http://ovc.catastro.meh.es/OVCServWeb/OVCWcfLibres/OVCFotoFachada.svc/RecuperarFotoFachadaGet?ReferenciaCatastral=1954808YJ2715D,jpeg,NotOfficial,grossFloorArea,917,m2,75.000000000000000,1149.049102780000112,86.178682708500006,11.858186740689602,68.259898416174025,208.763047993250325
732,ES.SDGC.BU.1954809YJ2715D,2020/12/18 00:00:00.000,functional,1936/01/01 00:00:00.000,1936/01/01 00:00:00.000, ,https://www1.sedecatastro.gob.es/CYCBienInmueble/OVCListaBienes.aspx?rc1=1954809&rc2=YJ2715D,1954809YJ2715D,1954809YJ2715D,ES.SDGC.BU,0.100000000000000,m,footPrint,1,1_residential,1,1, ,http://ovc.catastro.meh.es/OVCServWeb/OVCWcfLibres/OVCFotoFachada.svc/RecuperarFotoFachadaGet?ReferenciaCatastral=1954809YJ2715D,jpeg,NotOfficial,grossFloorArea,113,m2,18.750000000000000,1074.647013349999952,20.149631500312498,2.772589294443000,61.601856056978221,113.480840513735089
733,ES.SDGC.BU.1954810YJ2715D,2020/12/18 00:00:00.000,functional,1930/01/01 00:00:00.000,1930/01/01 00:00:00.000, ,https://www1.sedecatastro.gob.es/CYCBienInmueble/OVCListaBienes.aspx?rc1=1954810&rc2=YJ2715D,1954810YJ2715D,1954810YJ2715D,ES.SDGC.BU,0.100000000000000,m,footPrint,1,1_residential,1,1, ,http://ovc.catastro.meh.es/OVCServWeb/OVCWcfLibres/OVCFotoFachada.svc/RecuperarFotoFachadaGet?ReferenciaCatastral=1954810YJ2715D,jpeg,NotOfficial,grossFloorArea,109,m2,93.750000000000000,1149.959261069999911,107.808680725312485,14.834474467802998,65.507499412097445,109.684236024088534
734,ES.SDGC.BU.1954811YJ2715D,2020/12/18 00:00:00.000,functional,1930/01/01 00:00:00.000,1930/01/01 00:00:00.000, ,https://www1.sedecatastro.gob.es/CYCBienInmueble/OVCListaBienes.aspx?rc1=1954811&rc2=YJ2715D,1954811YJ2715D,1954811YJ2715D,ES.SDGC.BU,0.100000000000000,m,footPrint,1,1_residential,1,1, ,http://ovc.catastro.meh.es/OVCServWeb/OVCWcfLibres/OVCFotoFachada.svc/RecuperarFotoFachadaGet?ReferenciaCatastral=1954811YJ2715D,jpeg,NotOfficial,grossFloorArea,83,m2,68.750000000000000,1158.762861769999972,79.664946746687491,10.961896672344199,41.557897012091971,82.494483529807837
735,ES.SDGC.BU.1954812YJ2715D,2020/12/18 00:00:00.000,functional,1930/01/01 00:00:00.000,1930/01/01 00:00:00.000, ,https://www1.sedecatastro.gob.es/CYCBienInmueble/OVCListaBienes.aspx?rc1=1954812&rc2=YJ2715D,1954812YJ2715D,1954812YJ2715D,ES.SDGC.BU,0.100000000000000,m,footPrint,1,1_residential,1,1, ,http://ovc.catastro.meh.es/OVCServWeb/OVCWcfLibres/OVCFotoFachada.svc/RecuperarFotoFachadaGet?ReferenciaCatastral=1954812YJ2715D,jpeg,NotOfficial,grossFloorArea,106,m2,68.750000000000000,1119.538685190000024,76.968284606812503,10.590835961897401,62.437030273028853,106.104356407615228
736,ES.SDGC.BU.1954813YJ2715D,2020/12/18 00:00:00.000,functional,2006/01/01 00:00:00.000,2006/01/01 00:00:00.000, ,https://www1.sedecatastro.gob.es/CYCBienInmueble/OVCListaBienes.aspx?rc1=1954813&rc2=YJ2715D,1954813YJ2715D,1954813YJ2715D,ES.SDGC.BU,0.100000000000000,m,footPrint,1,1_residential,1,1, ,http://ovc.catastro.meh.es/OVCServWeb/OVCWcfLibres/OVCFotoFachada.svc/RecuperarFotoFachadaGet?ReferenciaCatastral=1954813YJ2715D,jpeg,NotOfficial,grossFloorArea,160,m2,43.750000000000000,1148.520847869999898,50.247787094312493,6.914095504177398,55.923480341762456,93.571567301169239
737,ES.SDGC.BU.1954814YJ2715D,2020/12/18 00:00:00.000,functional,1930/01/01 00:00:00.000,1930/01/01 00:00:00.000, ,https://www1.sedecatastro.gob.es/CYCBienInmueble/OVCListaBienes.aspx?rc1=1954814&rc2=YJ2715D,1954814YJ2715D,1954814YJ2715D,ES.SDGC.BU,0.100000000000000,m,footPrint,1,1_residential,1,1, ,http://ovc.catastro.meh.es/OVCServWeb/OVCWcfLibres/OVCFotoFachada.svc/RecuperarFotoFachadaGet?ReferenciaCatastral=1954814YJ2715D,jpeg,NotOfficial,grossFloorArea,104,m2,62.500000000000000,1206.900207520000095,75.431262970000006,10.379341784672002,61.841225029428124,103.552882698392295
738,ES.SDGC.BU.1954815YJ2715D,2020/12/18 00:00:00.000,functional,1930/01/01 00:00:00.000,2005/01/01 00:00:00.000, ,https://www1.sedecatastro.gob.es/CYCBienInmueble/OVCListaBienes.aspx?rc1=1954815&rc2=YJ2715D,1954815YJ2715D,1954815YJ2715D,ES.SDGC.BU,0.100000000000000,m,footPrint,1,4_3_publicServices,1,0, ,http://ovc.catastro.meh.es/OVCServWeb/OVCWcfLibres/OVCFotoFachada.svc/RecuperarFotoFachadaGet?ReferenciaCatastral=1954815YJ2715D,jpeg,NotOfficial,grossFloorArea,234,m2,100.000000000000000,1137.815074919999915,113.781507491999989,15.656335430899199,81.604177760677118,173.619551242010857
739,ES.SDGC.BU.1954819YJ2715D,2020/12/18 00:00:00.000,functional,1920/01/01 00:00:00.000,1920/01/01 00:00:00.000, ,https://www1.sedecatastro.gob.es/CYCBienInmueble/OVCListaBienes.aspx?rc1=1954819&rc2=YJ2715D,1954819YJ2715D,1954819YJ2715D,ES.SDGC.BU,0.100000000000000,m,footPrint,1,1_residential,1,0, ,http://ovc.catastro.meh.es/OVCServWeb/OVCWcfLibres/OVCFotoFachada.svc/RecuperarFotoFachadaGet?ReferenciaCatastral=1954819YJ2715D,jpeg,NotOfficial,grossFloorArea,234,m2,50.000000000000000,1177.768371579999894,58.888418578999996,8.103046396470400,44.263877616020139,117.314269045905746
740,ES.SDGC.BU.1955401YJ2715F,2020/12/18 00:00:00.000,functional,1980/01/01 00:00:00.000,1980/01/01 00:00:00.000, ,https://www1.sedecatastro.gob.es/CYCBienInmueble/OVCListaBienes.aspx?rc1=1955401&rc2=YJ2715F,1955401YJ2715F,1955401YJ2715F,ES.SDGC.BU,0.100000000000000,m,footPrint,1,1_residential,20,19, ,http://ovc.catastro.meh.es/OVCServWeb/OVCWcfLibres/OVCFotoFachada.svc/RecuperarFotoFachadaGet?ReferenciaCatastral=1955401YJ2715F,jpeg,NotOfficial,grossFloorArea,2616,m2,318.750000000000000,1171.345274680000102,373.366306304250031,51.375203747464809,145.716505718329273,534.602924979034583
741,ES.SDGC.BU.1955402YJ2715F,2020/12/18 00:00:00.000,functional,1977/01/01 00:00:00.000,1977/01/01 00:00:00.000, ,https://www1.sedecatastro.gob.es/CYCBienInmueble/OVCListaBienes.aspx?rc1=1955402&rc2=YJ2715F,1955402YJ2715F,1955402YJ2715F,ES.SDGC.BU,0.100000000000000,m,footPrint,1,1_residential,39,19, ,http://ovc.catastro.meh.es/OVCServWeb/OVCWcfLibres/OVCFotoFachada.svc/RecuperarFotoFachadaGet?ReferenciaCatastral=1955402YJ2715F,jpeg,NotOfficial,grossFloorArea,2874,m2,425.000000000000000,1193.919765699999971,507.415900422499988,69.820427898135989,135.709898416328002,581.496917520317538
742,ES.SDGC.BU.1955403YJ2725E,2020/10/29 00:00:00.000,functional,1975/01/01 00:00:00.000,1975/01/01 00:00:00.000, ,https://www1.sedecatastro.gob.es/CYCBienInmueble/OVCListaBienes.aspx?rc1=1955403&rc2=YJ2725E,1955403YJ2725E,1955403YJ2725E,ES.SDGC.BU,0.100000000000000,m,footPrint,1,1_residential,24,23, ,http://ovc.catastro.meh.es/OVCServWeb/OVCWcfLibres/OVCFotoFachada.svc/RecuperarFotoFachadaGet?ReferenciaCatastral=1955403YJ2725E,jpeg,NotOfficial,grossFloorArea,2757,m2,456.250000000000000,1158.185504230000106,528.422136304937567,72.710885955559405,145.272876506570867,563.632872475816953
743,ES.SDGC.BU.1955404YJ2715F,2020/12/18 00:00:00.000,functional,1974/01/01 00:00:00.000,1974/01/01 00:00:00.000, ,https://www1.sedecatastro.gob.es/CYCBienInmueble/OVCListaBienes.aspx?rc1=1955404&rc2=YJ2715F,1955404YJ2715F,1955404YJ2715F,ES.SDGC.BU,0.100000000000000,m,footPrint,1,1_residential,50,25, ,http://ovc.catastro.meh.es/OVCServWeb/OVCWcfLibres/OVCFotoFachada.svc/RecuperarFotoFachadaGet?ReferenciaCatastral=1955404YJ2715F,jpeg,NotOfficial,grossFloorArea,2901,m2,337.500000000000000,1153.330644399999983,389.249092484999949,53.560675125935994,140.004964392860472,508.515904258818807
744,ES.SDGC.BU.1955406YJ2715F,2020/12/18 00:00:00.000,functional,1977/01/01 00:00:00.000,1977/01/01 00:00:00.000, ,https://www1.sedecatastro.gob.es/CYCBienInmueble/OVCListaBienes.aspx?rc1=1955406&rc2=YJ2715F,1955406YJ2715F,1955406YJ2715F,ES.SDGC.BU,0.100000000000000,m,footPrint,1,1_residential,50,29, ,http://ovc.catastro.meh.es/OVCServWeb/OVCWcfLibres/OVCFotoFachada.svc/RecuperarFotoFachadaGet?ReferenciaCatastral=1955406YJ2715F,jpeg,NotOfficial,grossFloorArea,3600,m2,418.750000000000000,1160.211774679999962,485.838680647249987,66.851402457061596,159.050623685302810,605.702485538629503
745,ES.SDGC.BU.1955408YJ2715F,2020/12/18 00:00:00.000,functional,2007/01/01 00:00:00.000,2007/01/01 00:00:00.000, ,https://www1.sedecatastro.gob.es/CYCBienInmueble/OVCListaBienes.aspx?rc1=1955408&rc2=YJ2715F,1955408YJ2715F,1955408YJ2715F,ES.SDGC.BU,0.100000000000000,m,footPrint,1,1_residential,44,14, ,http://ovc.catastro.meh.es/OVCServWeb/OVCWcfLibres/OVCFotoFachada.svc/RecuperarFotoFachadaGet?ReferenciaCatastral=1955408YJ2715F,jpeg,NotOfficial,grossFloorArea,2338,m2,225.000000000000000,1150.598307290000093,258.884619140250038,35.622523593698403,119.475235530790130,403.531533080537997
746,ES.SDGC.BU.1955801YJ2715F,2020/12/22 00:00:00.000,functional,1943/01/01 00:00:00.000,1943/01/01 00:00:00.000, ,https://www1.sedecatastro.gob.es/CYCBienInmueble/OVCListaBienes.aspx?rc1=1955801&rc2=YJ2715F,1955801YJ2715F,1955801YJ2715F,ES.SDGC.BU,0.100000000000000,m,footPrint,1,1_residential,2,2, ,http://ovc.catastro.meh.es/OVCServWeb/OVCWcfLibres/OVCFotoFachada.svc/RecuperarFotoFachadaGet?ReferenciaCatastral=1955801YJ2715F,jpeg,NotOfficial,grossFloorArea,175,m2,81.250000000000000,1110.851154030000089,90.256656264937519,12.419315902055402,59.049272864012920,104.574899996567893
747,ES.SDGC.BU.1955802YJ2715F,2020/12/22 00:00:00.000,functional,1993/01/01 00:00:00.000,1993/01/01 00:00:00.000, ,https://www1.sedecatastro.gob.es/CYCBienInmueble/OVCListaBienes.aspx?rc1=1955802&rc2=YJ2715F,1955802YJ2715F,1955802YJ2715F,ES.SDGC.BU,0.100000000000000,m,footPrint,1,1_residential,3,2, ,http://ovc.catastro.meh.es/OVCServWeb/OVCWcfLibres/OVCFotoFachada.svc/RecuperarFotoFachadaGet?ReferenciaCatastral=1955802YJ2715F,jpeg,NotOfficial,grossFloorArea,410,m2,68.750000000000000,1107.650290750000067,76.150957489062506,10.478371750495000,53.554416494967526,147.659317496556241
748,ES.SDGC.BU.1955804YJ2715F,2020/12/22 00:00:00.000,functional,1929/01/01 00:00:00.000,1929/01/01 00:00:00.000, ,https://www1.sedecatastro.gob.es/CYCBienInmueble/OVCListaBienes.aspx?rc1=1955804&rc2=YJ2715F,1955804YJ2715F,1955804YJ2715F,ES.SDGC.BU,0.100000000000000,m,footPrint,1,1_residential,1,1, ,http://ovc.catastro.meh.es/OVCServWeb/OVCWcfLibres/OVCFotoFachada.svc/RecuperarFotoFachadaGet?ReferenciaCatastral=1955804YJ2715F,jpeg,NotOfficial,grossFloorArea,143,m2,50.000000000000000,1142.941833500000030,57.147091675000006,7.863439814480000,63.092641787655175,123.985269873549512
749,ES.SDGC.BU.1955805YJ2715F,2020/12/22 00:00:00.000,functional,2015/01/01 00:00:00.000,2015/01/01 00:00:00.000, ,https://www1.sedecatastro.gob.es/CYCBienInmueble/OVCListaBienes.aspx?rc1=1955805&rc2=YJ2715F,1955805YJ2715F,1955805YJ2715F,ES.SDGC.BU,0.100000000000000,m,footPrint,1,1_residential,1,1, ,http://ovc.catastro.meh.es/OVCServWeb/OVCWcfLibres/OVCFotoFachada.svc/RecuperarFotoFachadaGet?ReferenciaCatastral=1955805YJ2715F,jpeg,NotOfficial,grossFloorArea,250,m2,75.000000000000000,1151.344746909999913,86.350856018249999,11.881877788111201,62.712998167513554,122.821755154858209
750,ES.SDGC.BU.1955806YJ2715F,2020/12/22 00:00:00.000,functional,1929/01/01 00:00:00.000,1996/01/01 00:00:00.000, ,https://www1.sedecatastro.gob.es/CYCBienInmueble/OVCListaBienes.aspx?rc1=1955806&rc2=YJ2715F,1955806YJ2715F,1955806YJ2715F,ES.SDGC.BU,0.100000000000000,m,footPrint,1,1_residential,1,1, ,http://ovc.catastro.meh.es/OVCServWeb/OVCWcfLibres/OVCFotoFachada.svc/RecuperarFotoFachadaGet?ReferenciaCatastral=1955806YJ2715F,jpeg,NotOfficial,grossFloorArea,131,m2,50.000000000000000,1052.625221250000095,52.631261062500002,7.242061522200000,40.585343640832022,98.585156904443082
751,ES.SDGC.BU.1955807YJ2715F,2020/10/08 00:00:00.000,functional,2005/01/01 00:00:00.000,2005/01/01 00:00:00.000, ,https://www1.sedecatastro.gob.es/CYCBienInmueble/OVCListaBienes.aspx?rc1=1955807&rc2=YJ2715F,1955807YJ2715F,1955807YJ2715F,ES.SDGC.BU,0.100000000000000,m,footPrint,1,1_residential,1,1, ,http://ovc.catastro.meh.es/OVCServWeb/OVCWcfLibres/OVCFotoFachada.svc/RecuperarFotoFachadaGet?ReferenciaCatastral=1955807YJ2715F,jpeg,NotOfficial,grossFloorArea,217,m2,62.500000000000000,1191.210308839999925,74.450644302499995,10.244408656024000,44.329079859932065,118.926037698619055
752,ES.SDGC.BU.1955808YJ2715F,2020/12/22 00:00:00.000,functional,1923/01/01 00:00:00.000,1923/01/01 00:00:00.000, ,https://www1.sedecatastro.gob.es/CYCBienInmueble/OVCListaBienes.aspx?rc1=1955808&rc2=YJ2715F,1955808YJ2715F,1955808YJ2715F,ES.SDGC.BU,0.100000000000000,m,footPrint,1,3_industrial,1,0, ,http://ovc.catastro.meh.es/OVCServWeb/OVCWcfLibres/OVCFotoFachada.svc/RecuperarFotoFachadaGet?ReferenciaCatastral=1955808YJ2715F,jpeg,NotOfficial,grossFloorArea,104,m2,31.250000000000000,1090.466174319999936,34.077067947499998,4.689004549576000,49.794653547880920,104.489577123801709
753,ES.SDGC.BU.1955809YJ2715F,2020/12/22 00:00:00.000,functional,1923/01/01 00:00:00.000,1995/01/01 00:00:00.000, ,https://www1.sedecatastro.gob.es/CYCBienInmueble/OVCListaBienes.aspx?rc1=1955809&rc2=YJ2715F,1955809YJ2715F,1955809YJ2715F,ES.SDGC.BU,0.100000000000000,m,footPrint,1,1_residential,1,1, ,http://ovc.catastro.meh.es/OVCServWeb/OVCWcfLibres/OVCFotoFachada.svc/RecuperarFotoFachadaGet?ReferenciaCatastral=1955809YJ2715F,jpeg,NotOfficial,grossFloorArea,194,m2,62.500000000000000,1197.365515140000070,74.835344696250004,10.297343430204000,48.901545659230436,108.556462231084510
754,ES.SDGC.BU.1955810YJ2715F,2020/12/22 00:00:00.000,functional,1923/01/01 00:00:00.000,2005/01/01 00:00:00.000, ,https://www1.sedecatastro.gob.es/CYCBienInmueble/OVCListaBienes.aspx?rc1=1955810&rc2=YJ2715F,1955810YJ2715F,1955810YJ2715F,ES.SDGC.BU,0.100000000000000,m,footPrint,1,1_residential,1,1, ,http://ovc.catastro.meh.es/OVCServWeb/OVCWcfLibres/OVCFotoFachada.svc/RecuperarFotoFachadaGet?ReferenciaCatastral=1955810YJ2715F,jpeg,NotOfficial,grossFloorArea,131,m2,81.250000000000000,1193.119478670000035,96.940957641937501,13.339075771530601,37.134158099675183,85.316980867277209
755,ES.SDGC.BU.1955811YJ2715D,2020/12/22 00:00:00.000,functional,2002/01/01 00:00:00.000,2002/01/01 00:00:00.000, ,https://www1.sedecatastro.gob.es/CYCBienInmueble/OVCListaBienes.aspx?rc1=1955811&rc2=YJ2715D,1955811YJ2715D,1955811YJ2715D,ES.SDGC.BU,0.100000000000000,m,footPrint,1,1_residential,1,1, ,http://ovc.catastro.meh.es/OVCServWeb/OVCWcfLibres/OVCFotoFachada.svc/RecuperarFotoFachadaGet?ReferenciaCatastral=1955811YJ2715D,jpeg,NotOfficial,grossFloorArea,188,m2,56.250000000000000,1046.907735190000039,58.888560104437502,8.103065870370600,45.631092338954183,103.952861998094207
756,ES.SDGC.BU.1955813YJ2715F,2020/12/22 00:00:00.000,functional,1924/01/01 00:00:00.000,1924/01/01 00:00:00.000, ,https://www1.sedecatastro.gob.es/CYCBienInmueble/OVCListaBienes.aspx?rc1=1955813&rc2=YJ2715F,1955813YJ2715F,1955813YJ2715F,ES.SDGC.BU,0.100000000000000,m,footPrint,1,1_residential,1,1, ,http://ovc.catastro.meh.es/OVCServWeb/OVCWcfLibres/OVCFotoFachada.svc/RecuperarFotoFachadaGet?ReferenciaCatastral=1955813YJ2715F,jpeg,NotOfficial,grossFloorArea,126,m2,62.500000000000000,1111.401568600000019,69.462598037500001,9.558053489960001,68.475884121942414,125.343298989551357
757,ES.SDGC.BU.1955816YJ2715F,2020/12/22 00:00:00.000,functional,1956/01/01 00:00:00.000,2001/01/01 00:00:00.000, ,https://www1.sedecatastro.gob.es/CYCBienInmueble/OVCListaBienes.aspx?rc1=1955816&rc2=YJ2715F,1955816YJ2715F,1955816YJ2715F,ES.SDGC.BU,0.100000000000000,m,footPrint,1,1_residential,1,1, ,http://ovc.catastro.meh.es/OVCServWeb/OVCWcfLibres/OVCFotoFachada.svc/RecuperarFotoFachadaGet?ReferenciaCatastral=1955816YJ2715F,jpeg,NotOfficial,grossFloorArea,296,m2,31.250000000000000,1091.403479000000061,34.106358718750002,4.693034959700000,45.841426470018497,120.227643846762845
758,ES.SDGC.BU.1955817YJ2715F,2020/12/22 00:00:00.000,functional,1943/01/01 00:00:00.000,1943/01/01 00:00:00.000, ,https://www1.sedecatastro.gob.es/CYCBienInmueble/OVCListaBienes.aspx?rc1=1955817&rc2=YJ2715F,1955817YJ2715F,1955817YJ2715F,ES.SDGC.BU,0.100000000000000,m,footPrint,1,1_residential,1,1, ,http://ovc.catastro.meh.es/OVCServWeb/OVCWcfLibres/OVCFotoFachada.svc/RecuperarFotoFachadaGet?ReferenciaCatastral=1955817YJ2715F,jpeg,NotOfficial,grossFloorArea,238,m2,112.500000000000000,1113.298512780000010,125.246082687750004,17.233860977834404,71.960850802471469,188.917487491899010
759,ES.SDGC.BU.1955818YJ2715F,2020/12/22 00:00:00.000,functional,1954/01/01 00:00:00.000,1954/01/01 00:00:00.000, ,https://www1.sedecatastro.gob.es/CYCBienInmueble/OVCListaBienes.aspx?rc1=1955818&rc2=YJ2715F,1955818YJ2715F,1955818YJ2715F,ES.SDGC.BU,0.100000000000000,m,footPrint,1,1_residential,2,2, ,http://ovc.catastro.meh.es/OVCServWeb/OVCWcfLibres/OVCFotoFachada.svc/RecuperarFotoFachadaGet?ReferenciaCatastral=1955818YJ2715F,jpeg,NotOfficial,grossFloorArea,188,m2,50.000000000000000,1154.180168150000100,57.709008407500008,7.940759556872001,65.714036351076032,109.474100007099651
760,ES.SDGC.BU.1955820YJ2715F,2020/12/22 00:00:00.000,functional,2003/01/01 00:00:00.000,2003/01/01 00:00:00.000, ,https://www1.sedecatastro.gob.es/CYCBienInmueble/OVCListaBienes.aspx?rc1=1955820&rc2=YJ2715F,1955820YJ2715F,1955820YJ2715F,ES.SDGC.BU,0.100000000000000,m,footPrint,1,1_residential,1,1, ,http://ovc.catastro.meh.es/OVCServWeb/OVCWcfLibres/OVCFotoFachada.svc/RecuperarFotoFachadaGet?ReferenciaCatastral=1955820YJ2715F,jpeg,NotOfficial,grossFloorArea,221,m2,62.500000000000000,1109.358135989999937,69.334883499374996,9.540479969513999,53.788029274132178,122.514331756004268
761,ES.SDGC.BU.1955822YJ2715F,2020/12/22 00:00:00.000,functional,2013/01/01 00:00:00.000,2013/01/01 00:00:00.000, ,https://www1.sedecatastro.gob.es/CYCBienInmueble/OVCListaBienes.aspx?rc1=1955822&rc2=YJ2715F,1955822YJ2715F,1955822YJ2715F,ES.SDGC.BU,0.100000000000000,m,footPrint,1,1_residential,1,1, ,http://ovc.catastro.meh.es/OVCServWeb/OVCWcfLibres/OVCFotoFachada.svc/RecuperarFotoFachadaGet?ReferenciaCatastral=1955822YJ2715F,jpeg,NotOfficial,grossFloorArea,342,m2,56.250000000000000,1138.576260040000079,64.044914627250009,8.812580252709601,57.950351350642805,152.433090330401711
762,ES.SDGC.BU.1956201YJ2715F,2020/12/18 00:00:00.000,functional,1985/01/01 00:00:00.000,1985/01/01 00:00:00.000, ,https://www1.sedecatastro.gob.es/CYCBienInmueble/OVCListaBienes.aspx?rc1=1956201&rc2=YJ2715F,1956201YJ2715F,1956201YJ2715F,ES.SDGC.BU,0.100000000000000,m,footPrint,1,1_residential,52,40, ,http://ovc.catastro.meh.es/OVCServWeb/OVCWcfLibres/OVCFotoFachada.svc/RecuperarFotoFachadaGet?ReferenciaCatastral=1956201YJ2715F,jpeg,NotOfficial,grossFloorArea,6707,m2,656.250000000000000,1150.814442659999941,755.221977995625025,103.918544172198011,145.168277445426014,1201.061760633682752
763,ES.SDGC.BU.1956207YJ2715F,2020/12/18 00:00:00.000,functional,1945/01/01 00:00:00.000,1994/01/01 00:00:00.000, ,https://www1.sedecatastro.gob.es/CYCBienInmueble/OVCListaBienes.aspx?rc1=1956207&rc2=YJ2715F,1956207YJ2715F,1956207YJ2715F,ES.SDGC.BU,0.100000000000000,m,footPrint,1,1_residential,2,2, ,http://ovc.catastro.meh.es/OVCServWeb/OVCWcfLibres/OVCFotoFachada.svc/RecuperarFotoFachadaGet?ReferenciaCatastral=1956207YJ2715F,jpeg,NotOfficial,grossFloorArea,192,m2,31.250000000000000,1057.304724119999946,33.040772628749998,4.546410313716000,50.979802514981316,97.964491647892515
764,ES.SDGC.BU.1956208YJ2715F,2020/12/18 00:00:00.000,functional,1960/01/01 00:00:00.000,1960/01/01 00:00:00.000, ,https://www1.sedecatastro.gob.es/CYCBienInmueble/OVCListaBienes.aspx?rc1=1956208&rc2=YJ2715F,1956208YJ2715F,1956208YJ2715F,ES.SDGC.BU,0.100000000000000,m,footPrint,1,1_residential,3,3, ,http://ovc.catastro.meh.es/OVCServWeb/OVCWcfLibres/OVCFotoFachada.svc/RecuperarFotoFachadaGet?ReferenciaCatastral=1956208YJ2715F,jpeg,NotOfficial,grossFloorArea,329,m2,87.500000000000000,1046.955919539999968,91.608642959750000,12.605349271261600,50.101697928937028,109.463132663908979
765,ES.SDGC.BU.1956209YJ2715F,2020/12/18 00:00:00.000,functional,1960/01/01 00:00:00.000,1960/01/01 00:00:00.000, ,https://www1.sedecatastro.gob.es/CYCBienInmueble/OVCListaBienes.aspx?rc1=1956209&rc2=YJ2715F,1956209YJ2715F,1956209YJ2715F,ES.SDGC.BU,0.100000000000000,m,footPrint,1,1_residential,5,4, ,http://ovc.catastro.meh.es/OVCServWeb/OVCWcfLibres/OVCFotoFachada.svc/RecuperarFotoFachadaGet?ReferenciaCatastral=1956209YJ2715F,jpeg,NotOfficial,grossFloorArea,404,m2,137.500000000000000,1151.361328120000053,158.312182616499996,21.783756328030400,75.578895460025791,207.077745284189916
766,ES.SDGC.BU.1956210YJ2715F,2020/12/18 00:00:00.000,functional,2000/01/01 00:00:00.000,2000/01/01 00:00:00.000, ,https://www1.sedecatastro.gob.es/CYCBienInmueble/OVCListaBienes.aspx?rc1=1956210&rc2=YJ2715F,1956210YJ2715F,1956210YJ2715F,ES.SDGC.BU,0.100000000000000,m,footPrint,1,1_residential,98,51, ,http://ovc.catastro.meh.es/OVCServWeb/OVCWcfLibres/OVCFotoFachada.svc/RecuperarFotoFachadaGet?ReferenciaCatastral=1956210YJ2715F,jpeg,NotOfficial,grossFloorArea,7621,m2,1012.500000000000000,1179.734363699999903,1194.481043246250010,164.360591550684006,236.746586953429698,1445.152309779867892
767,ES.SDGC.BU.1956211YJ2715F,2020/12/18 00:00:00.000,functional,2012/01/01 00:00:00.000,2012/01/01 00:00:00.000, ,https://www1.sedecatastro.gob.es/CYCBienInmueble/OVCListaBienes.aspx?rc1=1956211&rc2=YJ2715F,1956211YJ2715F,1956211YJ2715F,ES.SDGC.BU,0.100000000000000,m,footPrint,1,1_residential,1,1, ,http://ovc.catastro.meh.es/OVCServWeb/OVCWcfLibres/OVCFotoFachada.svc/RecuperarFotoFachadaGet?ReferenciaCatastral=1956211YJ2715F,jpeg,NotOfficial,grossFloorArea,304,m2,31.250000000000000,1251.692187500000045,39.115380859375001,5.382276406250001,42.481932689854780,102.619846112791109
768,ES.SDGC.BU.1956603YJ2725E,2020/12/18 00:00:00.000,functional,1935/01/01 00:00:00.000,1935/01/01 00:00:00.000, ,https://www1.sedecatastro.gob.es/CYCBienInmueble/OVCListaBienes.aspx?rc1=1956603&rc2=YJ2725E,1956603YJ2725E,1956603YJ2725E,ES.SDGC.BU,0.100000000000000,m,footPrint,1,3_industrial,1,0, ,http://ovc.catastro.meh.es/OVCServWeb/OVCWcfLibres/OVCFotoFachada.svc/RecuperarFotoFachadaGet?ReferenciaCatastral=1956603YJ2725E,jpeg,NotOfficial,grossFloorArea,90,m2,6.250000000000000,899.976928711000028,5.624855804443751,0.773980158691460,35.808842188311566,53.787407500385051
769,ES.SDGC.BU.1956604YJ2725E,2020/12/18 00:00:00.000,functional,2012/01/01 00:00:00.000,2012/01/01 00:00:00.000, ,https://www1.sedecatastro.gob.es/CYCBienInmueble/OVCListaBienes.aspx?rc1=1956604&rc2=YJ2725E,1956604YJ2725E,1956604YJ2725E,ES.SDGC.BU,0.100000000000000,m,footPrint,1,1_residential,1,1, ,http://ovc.catastro.meh.es/OVCServWeb/OVCWcfLibres/OVCFotoFachada.svc/RecuperarFotoFachadaGet?ReferenciaCatastral=1956604YJ2725E,jpeg,NotOfficial,grossFloorArea,160,m2,18.750000000000000,1034.994750979999935,19.406151580874997,2.670286457528400,33.973894308634527,47.527667995413083
770,ES.SDGC.BU.1956605YJ2725E,2020/12/18 00:00:00.000,functional,1991/01/01 00:00:00.000,1991/01/01 00:00:00.000, ,https://www1.sedecatastro.gob.es/CYCBienInmueble/OVCListaBienes.aspx?rc1=1956605&rc2=YJ2725E,1956605YJ2725E,1956605YJ2725E,ES.SDGC.BU,0.100000000000000,m,footPrint,1,1_residential,1,1, ,http://ovc.catastro.meh.es/OVCServWeb/OVCWcfLibres/OVCFotoFachada.svc/RecuperarFotoFachadaGet?ReferenciaCatastral=1956605YJ2725E,jpeg,NotOfficial,grossFloorArea,352,m2,75.000000000000000,1154.203023269999903,86.565226745250001,11.911375200146400,61.719506618573632,194.585689501040747
771,ES.SDGC.BU.1956607YJ2725E,2020/12/18 00:00:00.000,functional,1993/01/01 00:00:00.000,1993/01/01 00:00:00.000, ,https://www1.sedecatastro.gob.es/CYCBienInmueble/OVCListaBienes.aspx?rc1=1956607&rc2=YJ2725E,1956607YJ2725E,1956607YJ2725E,ES.SDGC.BU,0.100000000000000,m,footPrint,1,1_residential,1,1, ,http://ovc.catastro.meh.es/OVCServWeb/OVCWcfLibres/OVCFotoFachada.svc/RecuperarFotoFachadaGet?ReferenciaCatastral=1956607YJ2725E,jpeg,NotOfficial,grossFloorArea,356,m2,18.750000000000000,1003.489562989999968,18.815429306062498,2.589003072514199,62.031584720901066,182.301342502519759
772,ES.SDGC.BU.1956608YJ2725E,2020/12/18 00:00:00.000,functional,1998/01/01 00:00:00.000,1999/01/01 00:00:00.000, ,https://www1.sedecatastro.gob.es/CYCBienInmueble/OVCListaBienes.aspx?rc1=1956608&rc2=YJ2725E,1956608YJ2725E,1956608YJ2725E,ES.SDGC.BU,0.100000000000000,m,footPrint,1,1_residential,4,3, ,http://ovc.catastro.meh.es/OVCServWeb/OVCWcfLibres/OVCFotoFachada.svc/RecuperarFotoFachadaGet?ReferenciaCatastral=1956608YJ2725E,jpeg,NotOfficial,grossFloorArea,658,m2,37.500000000000000,1135.735412600000018,42.590077972500005,5.860394729016001,63.167056759671802,203.404703500687191
773,ES.SDGC.BU.1956609YJ2725E,2020/12/18 00:00:00.000,functional,1930/01/01 00:00:00.000,2001/01/01 00:00:00.000, ,https://www1.sedecatastro.gob.es/CYCBienInmueble/OVCListaBienes.aspx?rc1=1956609&rc2=YJ2725E,1956609YJ2725E,1956609YJ2725E,ES.SDGC.BU,0.100000000000000,m,footPrint,1,1_residential,1,1, ,http://ovc.catastro.meh.es/OVCServWeb/OVCWcfLibres/OVCFotoFachada.svc/RecuperarFotoFachadaGet?ReferenciaCatastral=1956609YJ2725E,jpeg,NotOfficial,grossFloorArea,145,m2,12.500000000000000,1125.663330079999923,14.070791625999998,1.936140927737600,46.177580403449433,73.249990317497790
774,ES.SDGC.BU.1956610YJ2725E,2020/12/18 00:00:00.000,functional,1930/01/01 00:00:00.000,2002/01/01 00:00:00.000, ,https://www1.sedecatastro.gob.es/CYCBienInmueble/OVCListaBienes.aspx?rc1=1956610&rc2=YJ2725E,1956610YJ2725E,1956610YJ2725E,ES.SDGC.BU,0.100000000000000,m,footPrint,1,1_residential,2,1, ,http://ovc.catastro.meh.es/OVCServWeb/OVCWcfLibres/OVCFotoFachada.svc/RecuperarFotoFachadaGet?ReferenciaCatastral=1956610YJ2725E,jpeg,NotOfficial,grossFloorArea,316,m2,56.250000000000000,1132.775899250000066,63.718644332812502,8.767685460195001,40.356068934670510,101.218550340460325
775,ES.SDGC.BU.1956611YJ2725E,2020/12/18 00:00:00.000,functional,2007/01/01 00:00:00.000,2007/01/01 00:00:00.000, ,https://www1.sedecatastro.gob.es/CYCBienInmueble/OVCListaBienes.aspx?rc1=1956611&rc2=YJ2725E,1956611YJ2725E,1956611YJ2725E,ES.SDGC.BU,0.100000000000000,m,footPrint,1,3_industrial,4,2, ,http://ovc.catastro.meh.es/OVCServWeb/OVCWcfLibres/OVCFotoFachada.svc/RecuperarFotoFachadaGet?ReferenciaCatastral=1956611YJ2725E,jpeg,NotOfficial,grossFloorArea,472,m2,31.250000000000000,1064.292260740000074,33.259133148125002,4.576456721182001,57.596431585199433,132.209751606592420
776,ES.SDGC.BU.1956612YJ2725E,2020/10/29 00:00:00.000,functional,1977/01/01 00:00:00.000,1977/01/01 00:00:00.000, ,https://www1.sedecatastro.gob.es/CYCBienInmueble/OVCListaBienes.aspx?rc1=1956612&rc2=YJ2725E,1956612YJ2725E,1956612YJ2725E,ES.SDGC.BU,0.100000000000000,m,footPrint,1,1_residential,57,30, ,http://ovc.catastro.meh.es/OVCServWeb/OVCWcfLibres/OVCFotoFachada.svc/RecuperarFotoFachadaGet?ReferenciaCatastral=1956612YJ2725E,jpeg,NotOfficial,grossFloorArea,3744,m2,362.500000000000000,1168.449254529999962,423.562854767124975,58.282248815956400,167.239156019107412,628.449884811051106
777,ES.SDGC.BU.1956701YJ2715F,2020/12/18 00:00:00.000,functional,1985/01/01 00:00:00.000,1985/01/01 00:00:00.000, ,https://www1.sedecatastro.gob.es/CYCBienInmueble/OVCListaBienes.aspx?rc1=1956701&rc2=YJ2715F,1956701YJ2715F,1956701YJ2715F,ES.SDGC.BU,0.100000000000000,m,footPrint,1,1_residential,64,35, ,http://ovc.catastro.meh.es/OVCServWeb/OVCWcfLibres/OVCFotoFachada.svc/RecuperarFotoFachadaGet?ReferenciaCatastral=1956701YJ2715F,jpeg,NotOfficial,grossFloorArea,4954,m2,400.000000000000000,1138.395638469999994,455.358255387999975,62.657295941388803,166.458300381257374,832.940400003064724
778,ES.SDGC.BU.1956702YJ2715F,2020/10/29 00:00:00.000,functional,1972/01/01 00:00:00.000,1972/01/01 00:00:00.000, ,https://www1.sedecatastro.gob.es/CYCBienInmueble/OVCListaBienes.aspx?rc1=1956702&rc2=YJ2715F,1956702YJ2715F,1956702YJ2715F,ES.SDGC.BU,0.100000000000000,m,footPrint,1,1_residential,43,34, ,http://ovc.catastro.meh.es/OVCServWeb/OVCWcfLibres/OVCFotoFachada.svc/RecuperarFotoFachadaGet?ReferenciaCatastral=1956702YJ2715F,jpeg,NotOfficial,grossFloorArea,4046,m2,568.750000000000000,1155.553547279999975,657.221080015499979,90.433620610132806,151.302653285920400,1026.187984984926061
779,ES.SDGC.BU.1956801YJ2715F,2020/12/18 00:00:00.000,functional,1960/01/01 00:00:00.000,1960/01/01 00:00:00.000, ,https://www1.sedecatastro.gob.es/CYCBienInmueble/OVCListaBienes.aspx?rc1=1956801&rc2=YJ2715F,1956801YJ2715F,1956801YJ2715F,ES.SDGC.BU,0.100000000000000,m,footPrint,1,1_residential,1,1, ,http://ovc.catastro.meh.es/OVCServWeb/OVCWcfLibres/OVCFotoFachada.svc/RecuperarFotoFachadaGet?ReferenciaCatastral=1956801YJ2715F,jpeg,NotOfficial,grossFloorArea,137,m2,31.250000000000000,1152.311059569999998,36.009720611562500,4.954937556151000,39.804636173562983,66.164600008893387
780,ES.SDGC.BU.1957201YJ2715H,2020/12/18 00:00:00.000,functional,1969/01/01 00:00:00.000,1969/01/01 00:00:00.000, ,https://www1.sedecatastro.gob.es/CYCBienInmueble/OVCListaBienes.aspx?rc1=1957201&rc2=YJ2715H,1957201YJ2715H,1957201YJ2715H,ES.SDGC.BU,0.100000000000000,m,footPrint,1,1_residential,36,34, ,http://ovc.catastro.meh.es/OVCServWeb/OVCWcfLibres/OVCFotoFachada.svc/RecuperarFotoFachadaGet?ReferenciaCatastral=1957201YJ2715H,jpeg,NotOfficial,grossFloorArea,3090,m2,243.750000000000000,1193.953439570000000,291.026150895187527,40.045198363177803,153.243939569327267,599.686522502697017
781,ES.SDGC.BU.1957202YJ2715H,2020/12/18 00:00:00.000,functional,1995/01/01 00:00:00.000,1995/01/01 00:00:00.000, ,https://www1.sedecatastro.gob.es/CYCBienInmueble/OVCListaBienes.aspx?rc1=1957202&rc2=YJ2715H,1957202YJ2715H,1957202YJ2715H,ES.SDGC.BU,0.100000000000000,m,footPrint,1,1_residential,10,8, ,http://ovc.catastro.meh.es/OVCServWeb/OVCWcfLibres/OVCFotoFachada.svc/RecuperarFotoFachadaGet?ReferenciaCatastral=1957202YJ2715H,jpeg,NotOfficial,grossFloorArea,1079,m2,118.750000000000000,1055.597016989999929,125.352145767562504,17.248455257616602,66.733247982688653,213.898349997754764
782,ES.SDGC.BU.1957203YJ2715H,2020/12/18 00:00:00.000,functional,1995/01/01 00:00:00.000,1995/01/01 00:00:00.000, ,https://www1.sedecatastro.gob.es/CYCBienInmueble/OVCListaBienes.aspx?rc1=1957203&rc2=YJ2715H,1957203YJ2715H,1957203YJ2715H,ES.SDGC.BU,0.100000000000000,m,footPrint,1,1_residential,92,22, ,http://ovc.catastro.meh.es/OVCServWeb/OVCWcfLibres/OVCFotoFachada.svc/RecuperarFotoFachadaGet?ReferenciaCatastral=1957203YJ2715H,jpeg,NotOfficial,grossFloorArea,5106,m2,575.000000000000000,1121.019217450000042,644.586050033749984,88.695040484643997,175.408131917887857,1015.075194983922302
783,ES.SDGC.BU.1957204YJ2715H,2020/12/18 00:00:00.000,functional,1945/01/01 00:00:00.000,1945/01/01 00:00:00.000, ,https://www1.sedecatastro.gob.es/CYCBienInmueble/OVCListaBienes.aspx?rc1=1957204&rc2=YJ2715H,1957204YJ2715H,1957204YJ2715H,ES.SDGC.BU,0.100000000000000,m,footPrint,1,1_residential,1,1, ,http://ovc.catastro.meh.es/OVCServWeb/OVCWcfLibres/OVCFotoFachada.svc/RecuperarFotoFachadaGet?ReferenciaCatastral=1957204YJ2715H,jpeg,NotOfficial,grossFloorArea,135,m2,25.000000000000000,976.371749877999946,24.409293746949999,3.358718819580320,34.872572165354867,75.432849999565263
784,ES.SDGC.BU.1957205YJ2715H,2020/12/18 00:00:00.000,functional,1975/01/01 00:00:00.000,1975/01/01 00:00:00.000, ,https://www1.sedecatastro.gob.es/CYCBienInmueble/OVCListaBienes.aspx?rc1=1957205&rc2=YJ2715H,1957205YJ2715H,1957205YJ2715H,ES.SDGC.BU,0.100000000000000,m,footPrint,1,1_residential,3,2, ,http://ovc.catastro.meh.es/OVCServWeb/OVCWcfLibres/OVCFotoFachada.svc/RecuperarFotoFachadaGet?ReferenciaCatastral=1957205YJ2715H,jpeg,NotOfficial,grossFloorArea,597,m2,106.250000000000000,1144.136733110000023,121.564527892937505,16.727279038068200,68.634382108108042,211.392617496133255
785,ES.SDGC.BU.1957206YJ2715H,2020/12/18 00:00:00.000,functional,1952/01/01 00:00:00.000,2000/01/01 00:00:00.000, ,https://www1.sedecatastro.gob.es/CYCBienInmueble/OVCListaBienes.aspx?rc1=1957206&rc2=YJ2715H,1957206YJ2715H,1957206YJ2715H,ES.SDGC.BU,0.100000000000000,m,footPrint,1,1_residential,2,2, ,http://ovc.catastro.meh.es/OVCServWeb/OVCWcfLibres/OVCFotoFachada.svc/RecuperarFotoFachadaGet?ReferenciaCatastral=1957206YJ2715H,jpeg,NotOfficial,grossFloorArea,331,m2,81.250000000000000,1184.005126949999976,96.200416564687501,13.237177319301001,69.708224980790916,168.095360010749062
786,ES.SDGC.BU.1957207YJ2715H,2020/10/29 00:00:00.000,functional,1999/01/01 00:00:00.000,1999/01/01 00:00:00.000, ,https://www1.sedecatastro.gob.es/CYCBienInmueble/OVCListaBienes.aspx?rc1=1957207&rc2=YJ2715H,1957207YJ2715H,1957207YJ2715H,ES.SDGC.BU,0.100000000000000,m,footPrint,1,1_residential,18,11, ,http://ovc.catastro.meh.es/OVCServWeb/OVCWcfLibres/OVCFotoFachada.svc/RecuperarFotoFachadaGet?ReferenciaCatastral=1957207YJ2715H,jpeg,NotOfficial,grossFloorArea,1068,m2,106.250000000000000,1184.990482109999903,125.905238724187498,17.324560848448201,80.953714702623046,236.700049993017728
787,ES.SDGC.BU.1957209YJ2715H,2020/12/18 00:00:00.000,functional,1930/01/01 00:00:00.000,1930/01/01 00:00:00.000, ,https://www1.sedecatastro.gob.es/CYCBienInmueble/OVCListaBienes.aspx?rc1=1957209&rc2=YJ2715H,1957209YJ2715H,1957209YJ2715H,ES.SDGC.BU,0.100000000000000,m,footPrint,1,1_residential,1,1, ,http://ovc.catastro.meh.es/OVCServWeb/OVCWcfLibres/OVCFotoFachada.svc/RecuperarFotoFachadaGet?ReferenciaCatastral=1957209YJ2715H,jpeg,NotOfficial,grossFloorArea,162,m2,50.000000000000000,970.076850891000049,48.503842544550004,6.674128734130081,65.129671113681638,131.950099999390176
788,ES.SDGC.BU.1957210YJ2715H,2020/12/18 00:00:00.000,functional,1930/01/01 00:00:00.000,1930/01/01 00:00:00.000, ,https://www1.sedecatastro.gob.es/CYCBienInmueble/OVCListaBienes.aspx?rc1=1957210&rc2=YJ2715H,1957210YJ2715H,1957210YJ2715H,ES.SDGC.BU,0.100000000000000,m,footPrint,1,1_residential,1,1, ,http://ovc.catastro.meh.es/OVCServWeb/OVCWcfLibres/OVCFotoFachada.svc/RecuperarFotoFachadaGet?ReferenciaCatastral=1957210YJ2715H,jpeg,NotOfficial,grossFloorArea,111,m2,100.000000000000000,1061.386459349999996,106.138645935000000,14.604677680656000,59.110973810690034,110.528899998275008
789,ES.SDGC.BU.1957211YJ2715H,2020/12/18 00:00:00.000,functional,1930/01/01 00:00:00.000,1930/01/01 00:00:00.000, ,https://www1.sedecatastro.gob.es/CYCBienInmueble/OVCListaBienes.aspx?rc1=1957211&rc2=YJ2715H,1957211YJ2715H,1957211YJ2715H,ES.SDGC.BU,0.100000000000000,m,footPrint,1,1_residential,1,1, ,http://ovc.catastro.meh.es/OVCServWeb/OVCWcfLibres/OVCFotoFachada.svc/RecuperarFotoFachadaGet?ReferenciaCatastral=1957211YJ2715H,jpeg,NotOfficial,grossFloorArea,108,m2,68.750000000000000,1101.649447349999946,75.738399505312501,10.421603771931000,59.246103412417789,108.604449990282959
790,ES.SDGC.BU.1957212YJ2715H,2020/12/18 00:00:00.000,functional,1930/01/01 00:00:00.000,1930/01/01 00:00:00.000, ,https://www1.sedecatastro.gob.es/CYCBienInmueble/OVCListaBienes.aspx?rc1=1957212&rc2=YJ2715H,1957212YJ2715H,1957212YJ2715H,ES.SDGC.BU,0.100000000000000,m,footPrint,1,1_residential,1,1, ,http://ovc.catastro.meh.es/OVCServWeb/OVCWcfLibres/OVCFotoFachada.svc/RecuperarFotoFachadaGet?ReferenciaCatastral=1957212YJ2715H,jpeg,NotOfficial,grossFloorArea,92,m2,56.250000000000000,1005.906175400000052,56.582222366250001,7.785713797596000,46.353154839023283,91.710300012945950
791,ES.SDGC.BU.1957213YJ2715H,2020/12/18 00:00:00.000,functional,1930/01/01 00:00:00.000,1930/01/01 00:00:00.000, ,https://www1.sedecatastro.gob.es/CYCBienInmueble/OVCListaBienes.aspx?rc1=1957213&rc2=YJ2715H,1957213YJ2715H,1957213YJ2715H,ES.SDGC.BU,0.100000000000000,m,footPrint,1,1_residential,1,1, ,http://ovc.catastro.meh.es/OVCServWeb/OVCWcfLibres/OVCFotoFachada.svc/RecuperarFotoFachadaGet?ReferenciaCatastral=1957213YJ2715H,jpeg,NotOfficial,grossFloorArea,128,m2,68.750000000000000,1059.088506529999904,72.812334823937491,10.018977271773799,66.079106182566719,128.623100011600741
792,ES.SDGC.BU.1957214YJ2715H,2020/12/18 00:00:00.000,functional,1955/01/01 00:00:00.000,1955/01/01 00:00:00.000, ,https://www1.sedecatastro.gob.es/CYCBienInmueble/OVCListaBienes.aspx?rc1=1957214&rc2=YJ2715H,1957214YJ2715H,1957214YJ2715H,ES.SDGC.BU,0.100000000000000,m,footPrint,1,1_residential,4,3, ,http://ovc.catastro.meh.es/OVCServWeb/OVCWcfLibres/OVCFotoFachada.svc/RecuperarFotoFachadaGet?ReferenciaCatastral=1957214YJ2715H,jpeg,NotOfficial,grossFloorArea,487,m2,137.500000000000000,1030.865875239999923,141.744057845499981,19.503982359540800,104.170185198002514,278.383399992644172
793,ES.SDGC.BU.1957701YJ2715F,2020/12/18 00:00:00.000,functional,2002/01/01 00:00:00.000,2002/01/01 00:00:00.000, ,https://www1.sedecatastro.gob.es/CYCBienInmueble/OVCListaBienes.aspx?rc1=1957701&rc2=YJ2715F,1957701YJ2715F,1957701YJ2715F,ES.SDGC.BU,0.100000000000000,m,footPrint,1,1_residential,173,100, ,http://ovc.catastro.meh.es/OVCServWeb/OVCWcfLibres/OVCFotoFachada.svc/RecuperarFotoFachadaGet?ReferenciaCatastral=1957701YJ2715F,jpeg,NotOfficial,grossFloorArea,14954,m2,1481.250000000000000,1101.804562080000096,1632.048007581000320,224.569805843145645,334.744335168809528,2438.026620665248174
794,ES.SDGC.BU.1957702YJ2715F,2020/12/18 00:00:00.000,functional,1984/01/01 00:00:00.000,1984/01/01 00:00:00.000, ,https://www1.sedecatastro.gob.es/CYCBienInmueble/OVCListaBienes.aspx?rc1=1957702&rc2=YJ2715F,1957702YJ2715F,1957702YJ2715F,ES.SDGC.BU,0.100000000000000,m,footPrint,1,1_residential,17,15, ,http://ovc.catastro.meh.es/OVCServWeb/OVCWcfLibres/OVCFotoFachada.svc/RecuperarFotoFachadaGet?ReferenciaCatastral=1957702YJ2715F,jpeg,NotOfficial,grossFloorArea,2026,m2,218.750000000000000,1077.795516529999986,235.767769240937497,32.441645047552996,91.630775803172639,510.447315937022722
795,ES.SDGC.BU.1957703YJ2715F,2020/12/18 00:00:00.000,functional,1940/01/01 00:00:00.000,1940/01/01 00:00:00.000, ,https://www1.sedecatastro.gob.es/CYCBienInmueble/OVCListaBienes.aspx?rc1=1957703&rc2=YJ2715F,1957703YJ2715F,1957703YJ2715F,ES.SDGC.BU,0.100000000000000,m,footPrint,1,1_residential,2,2, ,http://ovc.catastro.meh.es/OVCServWeb/OVCWcfLibres/OVCFotoFachada.svc/RecuperarFotoFachadaGet?ReferenciaCatastral=1957703YJ2715F,jpeg,NotOfficial,grossFloorArea,215,m2,31.250000000000000,1161.049902340000017,36.282809448125001,4.992514580062000,41.611314197749195,113.064913159713967
796,ES.SDGC.BU.1957704YJ2715F,2020/12/18 00:00:00.000,functional,1940/01/01 00:00:00.000,1940/01/01 00:00:00.000, ,https://www1.sedecatastro.gob.es/CYCBienInmueble/OVCListaBienes.aspx?rc1=1957704&rc2=YJ2715F,1957704YJ2715F,1957704YJ2715F,ES.SDGC.BU,0.100000000000000,m,footPrint,1,1_residential,4,4, ,http://ovc.catastro.meh.es/OVCServWeb/OVCWcfLibres/OVCFotoFachada.svc/RecuperarFotoFachadaGet?ReferenciaCatastral=1957704YJ2715F,jpeg,NotOfficial,grossFloorArea,222,m2,37.500000000000000,1011.797912600000018,37.942421722500001,5.220877229016001,43.579046965803776,118.125812690498464
797,ES.SDGC.BU.1959901YJ2715H,2020/10/29 00:00:00.000,functional,1965/01/01 00:00:00.000,1965/01/01 00:00:00.000, ,https://www1.sedecatastro.gob.es/CYCBienInmueble/OVCListaBienes.aspx?rc1=1959901&rc2=YJ2715H,1959901YJ2715H,1959901YJ2715H,ES.SDGC.BU,0.100000000000000,m,footPrint,1,1_residential,12,10, ,http://ovc.catastro.meh.es/OVCServWeb/OVCWcfLibres/OVCFotoFachada.svc/RecuperarFotoFachadaGet?ReferenciaCatastral=1959901YJ2715H,jpeg,NotOfficial,grossFloorArea,1022,m2,93.750000000000000,1202.450618489999897,112.729745483437497,15.511612978521001,63.434908871063975,182.815387291271321
798,ES.SDGC.BU.1959902YJ2715H,2020/12/18 00:00:00.000,functional,1965/01/01 00:00:00.000,1965/01/01 00:00:00.000, ,https://www1.sedecatastro.gob.es/CYCBienInmueble/OVCListaBienes.aspx?rc1=1959902&rc2=YJ2715H,1959902YJ2715H,1959902YJ2715H,ES.SDGC.BU,0.100000000000000,m,footPrint,1,1_residential,11,9, ,http://ovc.catastro.meh.es/OVCServWeb/OVCWcfLibres/OVCFotoFachada.svc/RecuperarFotoFachadaGet?ReferenciaCatastral=1959902YJ2715H,jpeg,NotOfficial,grossFloorArea,1070,m2,100.000000000000000,1163.859336850000091,116.385933685000012,16.014704475056000,65.970842990180927,206.818300538265703
799,ES.SDGC.BU.1959903YJ2715H,2020/12/18 00:00:00.000,functional,1978/01/01 00:00:00.000,1978/01/01 00:00:00.000, ,https://www1.sedecatastro.gob.es/CYCBienInmueble/OVCListaBienes.aspx?rc1=1959903&rc2=YJ2715H,1959903YJ2715H,1959903YJ2715H,ES.SDGC.BU,0.100000000000000,m,footPrint,1,1_residential,18,15, ,http://ovc.catastro.meh.es/OVCServWeb/OVCWcfLibres/OVCFotoFachada.svc/RecuperarFotoFachadaGet?ReferenciaCatastral=1959903YJ2715H,jpeg,NotOfficial,grossFloorArea,2364,m2,237.500000000000000,1183.489598319999914,281.078779600999951,38.676440073097595,89.660540280748648,378.023895711584260
800,ES.SDGC.BU.1960301YJ2716B,2020/12/22 00:00:00.000,functional,1977/01/01 00:00:00.000,1977/01/01 00:00:00.000, ,https://www1.sedecatastro.gob.es/CYCBienInmueble/OVCListaBienes.aspx?rc1=1960301&rc2=YJ2716B,1960301YJ2716B,1960301YJ2716B,ES.SDGC.BU,0.100000000000000,m,footPrint,1,1_residential,21,20, ,http://ovc.catastro.meh.es/OVCServWeb/OVCWcfLibres/OVCFotoFachada.svc/RecuperarFotoFachadaGet?ReferenciaCatastral=1960301YJ2716B,jpeg,NotOfficial,grossFloorArea,2131,m2,168.750000000000000,1157.300745080000070,195.294500732250015,26.872523300757599,80.136774290993429,411.488799999653168
801,ES.SDGC.BU.1960302YJ2716B,2020/12/22 00:00:00.000,functional,1920/01/01 00:00:00.000,1997/01/01 00:00:00.000, ,https://www1.sedecatastro.gob.es/CYCBienInmueble/OVCListaBienes.aspx?rc1=1960302&rc2=YJ2716B,1960302YJ2716B,1960302YJ2716B,ES.SDGC.BU,0.100000000000000,m,footPrint,1,1_residential,1,1, ,http://ovc.catastro.meh.es/OVCServWeb/OVCWcfLibres/OVCFotoFachada.svc/RecuperarFotoFachadaGet?ReferenciaCatastral=1960302YJ2716B,jpeg,NotOfficial,grossFloorArea,97,m2,50.000000000000000,971.622901917000036,48.581145095849998,6.684765565188959,41.610795929009946,96.789513125256690
802,ES.SDGC.BU.1960305YJ2716B,2020/12/22 00:00:00.000,functional,1980/01/01 00:00:00.000,1980/01/01 00:00:00.000, ,https://www1.sedecatastro.gob.es/CYCBienInmueble/OVCListaBienes.aspx?rc1=1960305&rc2=YJ2716B,1960305YJ2716B,1960305YJ2716B,ES.SDGC.BU,0.100000000000000,m,footPrint,1,1_residential,10,8, ,http://ovc.catastro.meh.es/OVCServWeb/OVCWcfLibres/OVCFotoFachada.svc/RecuperarFotoFachadaGet?ReferenciaCatastral=1960305YJ2716B,jpeg,NotOfficial,grossFloorArea,1069,m2,187.500000000000000,1106.891255700000102,207.542110443750005,28.557794397060000,76.003723354660821,318.353126994403851
803,ES.SDGC.BU.1960306YJ2716B,2020/12/22 00:00:00.000,functional,1992/01/01 00:00:00.000,1992/01/01 00:00:00.000, ,https://www1.sedecatastro.gob.es/CYCBienInmueble/OVCListaBienes.aspx?rc1=1960306&rc2=YJ2716B,1960306YJ2716B,1960306YJ2716B,ES.SDGC.BU,0.100000000000000,m,footPrint,1,1_residential,69,26, ,http://ovc.catastro.meh.es/OVCServWeb/OVCWcfLibres/OVCFotoFachada.svc/RecuperarFotoFachadaGet?ReferenciaCatastral=1960306YJ2716B,jpeg,NotOfficial,grossFloorArea,4590,m2,437.500000000000000,1101.984054130000004,482.118023681875002,66.339440058626010,135.527491407008114,941.987749993376383
804,ES.SDGC.BU.1960307YJ2716B,2020/12/22 00:00:00.000,functional,1978/01/01 00:00:00.000,1978/01/01 00:00:00.000, ,https://www1.sedecatastro.gob.es/CYCBienInmueble/OVCListaBienes.aspx?rc1=1960307&rc2=YJ2716B,1960307YJ2716B,1960307YJ2716B,ES.SDGC.BU,0.100000000000000,m,footPrint,1,1_residential,21,20, ,http://ovc.catastro.meh.es/OVCServWeb/OVCWcfLibres/OVCFotoFachada.svc/RecuperarFotoFachadaGet?ReferenciaCatastral=1960307YJ2716B,jpeg,NotOfficial,grossFloorArea,2792,m2,400.000000000000000,1201.296878809999953,480.518751523999981,66.119380209702399,99.820010326694344,644.430447483368425
805,ES.SDGC.BU.1960308YJ2716B,2020/10/29 00:00:00.000,functional,1977/01/01 00:00:00.000,1977/01/01 00:00:00.000, ,https://www1.sedecatastro.gob.es/CYCBienInmueble/OVCListaBienes.aspx?rc1=1960308&rc2=YJ2716B,1960308YJ2716B,1960308YJ2716B,ES.SDGC.BU,0.100000000000000,m,footPrint,1,1_residential,15,12, ,http://ovc.catastro.meh.es/OVCServWeb/OVCWcfLibres/OVCFotoFachada.svc/RecuperarFotoFachadaGet?ReferenciaCatastral=1960308YJ2716B,jpeg,NotOfficial,grossFloorArea,1828,m2,293.750000000000000,1074.047182770000063,315.501359938687528,43.412987127563404,101.333850751224489,576.224850015913717
806,ES.SDGC.BU.1960309YJ2716B,2020/12/22 00:00:00.000,functional,1929/01/01 00:00:00.000,1929/01/01 00:00:00.000, ,https://www1.sedecatastro.gob.es/CYCBienInmueble/OVCListaBienes.aspx?rc1=1960309&rc2=YJ2716B,1960309YJ2716B,1960309YJ2716B,ES.SDGC.BU,0.100000000000000,m,footPrint,1,1_residential,1,1, ,http://ovc.catastro.meh.es/OVCServWeb/OVCWcfLibres/OVCFotoFachada.svc/RecuperarFotoFachadaGet?ReferenciaCatastral=1960309YJ2716B,jpeg,NotOfficial,grossFloorArea,88,m2,18.750000000000000,957.039794922000056,17.944496154787501,2.469162670898760,40.063314728677717,88.663050006354965
807,ES.SDGC.BU.1960310YJ2716B,2020/12/22 00:00:00.000,functional,1930/01/01 00:00:00.000,1930/01/01 00:00:00.000, ,https://www1.sedecatastro.gob.es/CYCBienInmueble/OVCListaBienes.aspx?rc1=1960310&rc2=YJ2716B,1960310YJ2716B,1960310YJ2716B,ES.SDGC.BU,0.100000000000000,m,footPrint,1,1_residential,1,1, ,http://ovc.catastro.meh.es/OVCServWeb/OVCWcfLibres/OVCFotoFachada.svc/RecuperarFotoFachadaGet?ReferenciaCatastral=1960310YJ2716B,jpeg,NotOfficial,grossFloorArea,117,m2,68.750000000000000,915.280295632000048,62.925520324700003,8.658551596678720,47.239968142371254,117.008150008953550
808,ES.SDGC.BU.1960311YJ2716B,2020/12/22 00:00:00.000,functional,1956/01/01 00:00:00.000,1956/01/01 00:00:00.000, ,https://www1.sedecatastro.gob.es/CYCBienInmueble/OVCListaBienes.aspx?rc1=1960311&rc2=YJ2716B,1960311YJ2716B,1960311YJ2716B,ES.SDGC.BU,0.100000000000000,m,footPrint,1,1_residential,1,1, ,http://ovc.catastro.meh.es/OVCServWeb/OVCWcfLibres/OVCFotoFachada.svc/RecuperarFotoFachadaGet?ReferenciaCatastral=1960311YJ2716B,jpeg,NotOfficial,grossFloorArea,314,m2,68.750000000000000,1032.942876639999895,71.014822768999991,9.771639613014399,52.882683343533607,131.818349996390367
809,ES.SDGC.BU.1960313YJ2716B,2020/12/22 00:00:00.000,functional,1964/01/01 00:00:00.000,1964/01/01 00:00:00.000, ,https://www1.sedecatastro.gob.es/CYCBienInmueble/OVCListaBienes.aspx?rc1=1960313&rc2=YJ2716B,1960313YJ2716B,1960313YJ2716B,ES.SDGC.BU,0.100000000000000,m,footPrint,1,1_residential,2,2, ,http://ovc.catastro.meh.es/OVCServWeb/OVCWcfLibres/OVCFotoFachada.svc/RecuperarFotoFachadaGet?ReferenciaCatastral=1960313YJ2716B,jpeg,NotOfficial,grossFloorArea,314,m2,100.000000000000000,1200.973602289999917,120.097360229000003,16.525396767510401,89.700045218615315,191.028500003326684
810,ES.SDGC.BU.1960314YJ2716B,2020/12/22 00:00:00.000,functional,1945/01/01 00:00:00.000,1945/01/01 00:00:00.000, ,https://www1.sedecatastro.gob.es/CYCBienInmueble/OVCListaBienes.aspx?rc1=1960314&rc2=YJ2716B,1960314YJ2716B,1960314YJ2716B,ES.SDGC.BU,0.100000000000000,m,footPrint,1,1_residential,1,1, ,http://ovc.catastro.meh.es/OVCServWeb/OVCWcfLibres/OVCFotoFachada.svc/RecuperarFotoFachadaGet?ReferenciaCatastral=1960314YJ2716B,jpeg,NotOfficial,grossFloorArea,219,m2,68.750000000000000,1057.595336910000015,72.709679412562508,10.004851887168602,48.222832022489882,141.101963116223658
811,ES.SDGC.BU.1960501YJ2716B,2020/12/22 00:00:00.000,functional,1943/01/01 00:00:00.000,1943/01/01 00:00:00.000, ,https://www1.sedecatastro.gob.es/CYCBienInmueble/OVCListaBienes.aspx?rc1=1960501&rc2=YJ2716B,1960501YJ2716B,1960501YJ2716B,ES.SDGC.BU,0.100000000000000,m,footPrint,1,3_industrial,1,0, ,http://ovc.catastro.meh.es/OVCServWeb/OVCWcfLibres/OVCFotoFachada.svc/RecuperarFotoFachadaGet?ReferenciaCatastral=1960501YJ2716B,jpeg,NotOfficial,grossFloorArea,93,m2,37.500000000000000,867.590169271000036,32.534631347662497,4.476765273438359,47.005737134671406,93.502050001486936
812,ES.SDGC.BU.1960502YJ2716B,2020/12/22 00:00:00.000,functional,1954/01/01 00:00:00.000,1954/01/01 00:00:00.000, ,https://www1.sedecatastro.gob.es/CYCBienInmueble/OVCListaBienes.aspx?rc1=1960502&rc2=YJ2716B,1960502YJ2716B,1960502YJ2716B,ES.SDGC.BU,0.100000000000000,m,footPrint,1,1_residential,1,1, ,http://ovc.catastro.meh.es/OVCServWeb/OVCWcfLibres/OVCFotoFachada.svc/RecuperarFotoFachadaGet?ReferenciaCatastral=1960502YJ2716B,jpeg,NotOfficial,grossFloorArea,105,m2,31.250000000000000,892.124072265999985,27.878877258312500,3.836133510743800,59.440100910663283,104.868749999082652
813,ES.SDGC.BU.1960503YJ2716B,2020/12/22 00:00:00.000,functional,1970/01/01 00:00:00.000,1970/01/01 00:00:00.000, ,https://www1.sedecatastro.gob.es/CYCBienInmueble/OVCListaBienes.aspx?rc1=1960503&rc2=YJ2716B,1960503YJ2716B,1960503YJ2716B,ES.SDGC.BU,0.100000000000000,m,footPrint,1,1_residential,4,2, ,http://ovc.catastro.meh.es/OVCServWeb/OVCWcfLibres/OVCFotoFachada.svc/RecuperarFotoFachadaGet?ReferenciaCatastral=1960503YJ2716B,jpeg,NotOfficial,grossFloorArea,467,m2,81.250000000000000,1116.961026709999942,90.753083420187494,12.487624278617799,56.866386557825543,179.318650002085974
814,ES.SDGC.BU.1960504YJ2716B,2020/12/22 00:00:00.000,functional,1966/01/01 00:00:00.000,1966/01/01 00:00:00.000, ,https://www1.sedecatastro.gob.es/CYCBienInmueble/OVCListaBienes.aspx?rc1=1960504&rc2=YJ2716B,1960504YJ2716B,1960504YJ2716B,ES.SDGC.BU,0.100000000000000,m,footPrint,1,1_residential,31,24, ,http://ovc.catastro.meh.es/OVCServWeb/OVCWcfLibres/OVCFotoFachada.svc/RecuperarFotoFachadaGet?ReferenciaCatastral=1960504YJ2716B,jpeg,NotOfficial,grossFloorArea,2940,m2,362.500000000000000,1171.743215629999895,424.756915665874942,58.446551595624392,113.583260174061152,695.602787503052582
815,ES.SDGC.BU.1960505YJ2716B,2020/12/22 00:00:00.000,functional,1930/01/01 00:00:00.000,1930/01/01 00:00:00.000, ,https://www1.sedecatastro.gob.es/CYCBienInmueble/OVCListaBienes.aspx?rc1=1960505&rc2=YJ2716B,1960505YJ2716B,1960505YJ2716B,ES.SDGC.BU,0.100000000000000,m,footPrint,1,1_residential,1,1, ,http://ovc.catastro.meh.es/OVCServWeb/OVCWcfLibres/OVCFotoFachada.svc/RecuperarFotoFachadaGet?ReferenciaCatastral=1960505YJ2716B,jpeg,NotOfficial,grossFloorArea,95,m2,56.250000000000000,1104.314575200000036,62.117694855000003,8.547394812048001,45.958424538520468,94.613659991630740
816,ES.SDGC.BU.1960506YJ2716B,2020/12/22 00:00:00.000,functional,1930/01/01 00:00:00.000,2006/01/01 00:00:00.000, ,https://www1.sedecatastro.gob.es/CYCBienInmueble/OVCListaBienes.aspx?rc1=1960506&rc2=YJ2716B,1960506YJ2716B,1960506YJ2716B,ES.SDGC.BU,0.100000000000000,m,footPrint,1,1_residential,1,1, ,http://ovc.catastro.meh.es/OVCServWeb/OVCWcfLibres/OVCFotoFachada.svc/RecuperarFotoFachadaGet?ReferenciaCatastral=1960506YJ2716B,jpeg,NotOfficial,grossFloorArea,112,m2,18.750000000000000,921.972757975000036,17.286989212031251,2.378689715575500,45.783847746125041,95.881061025431876
817,ES.SDGC.BU.1960507YJ2725G,2020/12/22 00:00:00.000,functional,1979/01/01 00:00:00.000,1979/01/01 00:00:00.000, ,https://www1.sedecatastro.gob.es/CYCBienInmueble/OVCListaBienes.aspx?rc1=1960507&rc2=YJ2725G,1960507YJ2725G,1960507YJ2725G,ES.SDGC.BU,0.100000000000000,m,footPrint,1,1_residential,21,18, ,http://ovc.catastro.meh.es/OVCServWeb/OVCWcfLibres/OVCFotoFachada.svc/RecuperarFotoFachadaGet?ReferenciaCatastral=1960507YJ2725G,jpeg,NotOfficial,grossFloorArea,2225,m2,218.750000000000000,1145.205069410000078,250.513608933437524,34.470672589241005,99.188445267813037,612.001947495883201
818,ES.SDGC.BU.1960508YJ2725G,2020/12/22 00:00:00.000,functional,1975/01/01 00:00:00.000,1975/01/01 00:00:00.000, ,https://www1.sedecatastro.gob.es/CYCBienInmueble/OVCListaBienes.aspx?rc1=1960508&rc2=YJ2725G,1960508YJ2725G,1960508YJ2725G,ES.SDGC.BU,0.100000000000000,m,footPrint,1,1_residential,9,8, ,http://ovc.catastro.meh.es/OVCServWeb/OVCWcfLibres/OVCFotoFachada.svc/RecuperarFotoFachadaGet?ReferenciaCatastral=1960508YJ2725G,jpeg,NotOfficial,grossFloorArea,1113,m2,125.000000000000000,1126.233148190000065,140.779143523750008,19.371210148868002,60.161366257668945,231.611350006943184
819,ES.SDGC.BU.1960509YJ2715H,2020/12/22 00:00:00.000,functional,1975/01/01 00:00:00.000,1975/01/01 00:00:00.000, ,https://www1.sedecatastro.gob.es/CYCBienInmueble/OVCListaBienes.aspx?rc1=1960509&rc2=YJ2715H,1960509YJ2715H,1960509YJ2715H,ES.SDGC.BU,0.100000000000000,m,footPrint,1,1_residential,10,8, ,http://ovc.catastro.meh.es/OVCServWeb/OVCWcfLibres/OVCFotoFachada.svc/RecuperarFotoFachadaGet?ReferenciaCatastral=1960509YJ2715H,jpeg,NotOfficial,grossFloorArea,1115,m2,93.750000000000000,1061.785294600000043,99.542371368749997,13.697030300340000,61.253720649140242,232.949549993482236
820,ES.SDGC.BU.1960510YJ2715H,2020/10/29 00:00:00.000,functional,1969/01/01 00:00:00.000,1969/01/01 00:00:00.000, ,https://www1.sedecatastro.gob.es/CYCBienInmueble/OVCListaBienes.aspx?rc1=1960510&rc2=YJ2715H,1960510YJ2715H,1960510YJ2715H,ES.SDGC.BU,0.100000000000000,m,footPrint,1,1_residential,6,4, ,http://ovc.catastro.meh.es/OVCServWeb/OVCWcfLibres/OVCFotoFachada.svc/RecuperarFotoFachadaGet?ReferenciaCatastral=1960510YJ2715H,jpeg,NotOfficial,grossFloorArea,859,m2,68.750000000000000,1111.554876149999927,76.419397735312501,10.515309128379000,96.150382570545659,311.906604874446259
821,ES.SDGC.BU.1960511YJ2715H,2020/10/29 00:00:00.000,functional,1973/01/01 00:00:00.000,1973/01/01 00:00:00.000, ,https://www1.sedecatastro.gob.es/CYCBienInmueble/OVCListaBienes.aspx?rc1=1960511&rc2=YJ2715H,1960511YJ2715H,1960511YJ2715H,ES.SDGC.BU,0.100000000000000,m,footPrint,1,1_residential,3,2, ,http://ovc.catastro.meh.es/OVCServWeb/OVCWcfLibres/OVCFotoFachada.svc/RecuperarFotoFachadaGet?ReferenciaCatastral=1960511YJ2715H,jpeg,NotOfficial,grossFloorArea,443,m2,81.250000000000000,1009.085599460000026,81.988204956125003,11.281577001962800,56.758461927128060,154.206850007119215
822,ES.SDGC.BU.1960512YJ2715H,2020/12/22 00:00:00.000,functional,1930/01/01 00:00:00.000,1930/01/01 00:00:00.000, ,https://www1.sedecatastro.gob.es/CYCBienInmueble/OVCListaBienes.aspx?rc1=1960512&rc2=YJ2715H,1960512YJ2715H,1960512YJ2715H,ES.SDGC.BU,0.100000000000000,m,footPrint,1,1_residential,1,1, ,http://ovc.catastro.meh.es/OVCServWeb/OVCWcfLibres/OVCFotoFachada.svc/RecuperarFotoFachadaGet?ReferenciaCatastral=1960512YJ2715H,jpeg,NotOfficial,grossFloorArea,171,m2,81.250000000000000,960.958327072999964,78.077864074681244,10.743514096676140,57.023141568592607,195.452974998197362
823,ES.SDGC.BU.1960514YJ2715H,2020/12/22 00:00:00.000,functional,1993/01/01 00:00:00.000,1993/01/01 00:00:00.000, ,https://www1.sedecatastro.gob.es/CYCBienInmueble/OVCListaBienes.aspx?rc1=1960514&rc2=YJ2715H,1960514YJ2715H,1960514YJ2715H,ES.SDGC.BU,0.100000000000000,m,footPrint,1,1_residential,22,7, ,http://ovc.catastro.meh.es/OVCServWeb/OVCWcfLibres/OVCFotoFachada.svc/RecuperarFotoFachadaGet?ReferenciaCatastral=1960514YJ2715H,jpeg,NotOfficial,grossFloorArea,1640,m2,81.250000000000000,1064.340454099999988,86.477661895625005,11.899326276838000,76.736485513681032,313.645296500074437
824,ES.SDGC.BU.1960515YJ2716B,2020/12/22 00:00:00.000,functional,1972/01/01 00:00:00.000,1972/01/01 00:00:00.000, ,https://www1.sedecatastro.gob.es/CYCBienInmueble/OVCListaBienes.aspx?rc1=1960515&rc2=YJ2716B,1960515YJ2716B,1960515YJ2716B,ES.SDGC.BU,0.100000000000000,m,footPrint,1,1_residential,12,10, ,http://ovc.catastro.meh.es/OVCServWeb/OVCWcfLibres/OVCFotoFachada.svc/RecuperarFotoFachadaGet?ReferenciaCatastral=1960515YJ2716B,jpeg,NotOfficial,grossFloorArea,1992,m2,212.500000000000000,1031.121722050000017,219.113365935625012,30.149999152742001,117.834819459258611,579.936838972690111
825,ES.SDGC.BU.1960516YJ2716B,2020/12/22 00:00:00.000,functional,2006/01/01 00:00:00.000,2006/01/01 00:00:00.000, ,https://www1.sedecatastro.gob.es/CYCBienInmueble/OVCListaBienes.aspx?rc1=1960516&rc2=YJ2716B,1960516YJ2716B,1960516YJ2716B,ES.SDGC.BU,0.100000000000000,m,footPrint,1,1_residential,5,4, ,http://ovc.catastro.meh.es/OVCServWeb/OVCWcfLibres/OVCFotoFachada.svc/RecuperarFotoFachadaGet?ReferenciaCatastral=1960516YJ2716B,jpeg,NotOfficial,grossFloorArea,617,m2,50.000000000000000,1077.793136600000025,53.889656830000000,7.415216779808000,57.292327741655455,157.413788021765924
826,ES.SDGC.BU.1960517YJ2716B,2020/12/22 00:00:00.000,functional,1931/01/01 00:00:00.000,2002/01/01 00:00:00.000, ,https://www1.sedecatastro.gob.es/CYCBienInmueble/OVCListaBienes.aspx?rc1=1960517&rc2=YJ2716B,1960517YJ2716B,1960517YJ2716B,ES.SDGC.BU,0.100000000000000,m,footPrint,1,1_residential,1,1, ,http://ovc.catastro.meh.es/OVCServWeb/OVCWcfLibres/OVCFotoFachada.svc/RecuperarFotoFachadaGet?ReferenciaCatastral=1960517YJ2716B,jpeg,NotOfficial,grossFloorArea,322,m2,25.000000000000000,1104.535644529999900,27.613391113249996,3.799602617183199,55.804646422597990,127.906896005946393
827,ES.SDGC.BU.1960518YJ2716B,2020/12/22 00:00:00.000,functional,1962/01/01 00:00:00.000,1962/01/01 00:00:00.000, ,https://www1.sedecatastro.gob.es/CYCBienInmueble/OVCListaBienes.aspx?rc1=1960518&rc2=YJ2716B,1960518YJ2716B,1960518YJ2716B,ES.SDGC.BU,0.100000000000000,m,footPrint,1,1_residential,9,7, ,http://ovc.catastro.meh.es/OVCServWeb/OVCWcfLibres/OVCFotoFachada.svc/RecuperarFotoFachadaGet?ReferenciaCatastral=1960518YJ2716B,jpeg,NotOfficial,grossFloorArea,716,m2,56.250000000000000,1164.087632920000033,65.479929351750002,9.010038278800799,48.664103711319925,134.505622001765460
828,ES.SDGC.BU.1960519YJ2715H,2020/12/22 00:00:00.000,functional,1973/01/01 00:00:00.000,1973/01/01 00:00:00.000, ,https://www1.sedecatastro.gob.es/CYCBienInmueble/OVCListaBienes.aspx?rc1=1960519&rc2=YJ2715H,1960519YJ2715H,1960519YJ2715H,ES.SDGC.BU,0.100000000000000,m,footPrint,1,3_industrial,1,0, ,http://ovc.catastro.meh.es/OVCServWeb/OVCWcfLibres/OVCFotoFachada.svc/RecuperarFotoFachadaGet?ReferenciaCatastral=1960519YJ2715H,jpeg,NotOfficial,grossFloorArea,192,m2,68.750000000000000,915.195778586999950,62.919709777856248,8.657752065433019,58.760716589080786,98.040500005630776
829,ES.SDGC.BU.1960520YJ2715H,2020/12/22 00:00:00.000,functional,1931/01/01 00:00:00.000,2004/01/01 00:00:00.000, ,https://www1.sedecatastro.gob.es/CYCBienInmueble/OVCListaBienes.aspx?rc1=1960520&rc2=YJ2715H,1960520YJ2715H,1960520YJ2715H,ES.SDGC.BU,0.100000000000000,m,footPrint,1,1_residential,1,1, ,http://ovc.catastro.meh.es/OVCServWeb/OVCWcfLibres/OVCFotoFachada.svc/RecuperarFotoFachadaGet?ReferenciaCatastral=1960520YJ2715H,jpeg,NotOfficial,grossFloorArea,218,m2,18.750000000000000,962.173136393000050,18.040746307368750,2.482406691893940,73.040120212022941,187.268719174608520
830,ES.SDGC.BU.1961902YJ2716B,2020/12/22 00:00:00.000,functional,1993/01/01 00:00:00.000,1993/01/01 00:00:00.000, ,https://www1.sedecatastro.gob.es/CYCBienInmueble/OVCListaBienes.aspx?rc1=1961902&rc2=YJ2716B,1961902YJ2716B,1961902YJ2716B,ES.SDGC.BU,0.100000000000000,m,footPrint,1,1_residential,8,4, ,http://ovc.catastro.meh.es/OVCServWeb/OVCWcfLibres/OVCFotoFachada.svc/RecuperarFotoFachadaGet?ReferenciaCatastral=1961902YJ2716B,jpeg,NotOfficial,grossFloorArea,747,m2,31.250000000000000,988.330505370999958,30.885328292843749,4.249821173095300,69.346063361328930,207.025009985282622
831,ES.SDGC.BU.1961903YJ2716B,2020/12/22 00:00:00.000,functional,1924/01/01 00:00:00.000,2006/01/01 00:00:00.000, ,https://www1.sedecatastro.gob.es/CYCBienInmueble/OVCListaBienes.aspx?rc1=1961903&rc2=YJ2716B,1961903YJ2716B,1961903YJ2716B,ES.SDGC.BU,0.100000000000000,m,footPrint,1,1_residential,1,1, ,http://ovc.catastro.meh.es/OVCServWeb/OVCWcfLibres/OVCFotoFachada.svc/RecuperarFotoFachadaGet?ReferenciaCatastral=1961903YJ2716B,jpeg,NotOfficial,grossFloorArea,162,m2,37.500000000000000,951.861948649000055,35.694823074337499,4.911607655028840,39.465490689340349,93.210845001359857
832,ES.SDGC.BU.1961904YJ2716B,2020/12/22 00:00:00.000,functional,1900/01/01 00:00:00.000,1900/01/01 00:00:00.000, ,https://www1.sedecatastro.gob.es/CYCBienInmueble/OVCListaBienes.aspx?rc1=1961904&rc2=YJ2716B,1961904YJ2716B,1961904YJ2716B,ES.SDGC.BU,0.100000000000000,m,footPrint,1,3_industrial,1,0, ,http://ovc.catastro.meh.es/OVCServWeb/OVCWcfLibres/OVCFotoFachada.svc/RecuperarFotoFachadaGet?ReferenciaCatastral=1961904YJ2716B,jpeg,NotOfficial,grossFloorArea,46,m2,31.250000000000000,1132.299853519999942,35.384370422499998,4.868889370136000,30.252609164218001,46.377294998329525
833,ES.SDGC.BU.1961906YJ2716B,2020/12/22 00:00:00.000,functional,2003/01/01 00:00:00.000,2003/01/01 00:00:00.000, ,https://www1.sedecatastro.gob.es/CYCBienInmueble/OVCListaBienes.aspx?rc1=1961906&rc2=YJ2716B,1961906YJ2716B,1961906YJ2716B,ES.SDGC.BU,0.100000000000000,m,footPrint,1,1_residential,1,1, ,http://ovc.catastro.meh.es/OVCServWeb/OVCWcfLibres/OVCFotoFachada.svc/RecuperarFotoFachadaGet?ReferenciaCatastral=1961906YJ2716B,jpeg,NotOfficial,grossFloorArea,680,m2,206.250000000000000,1265.297011870000006,260.967508698187487,35.909129196870595,83.767285403362479,343.795517372112784
834,ES.SDGC.BU.1961908YJ2716B,2020/12/22 00:00:00.000,functional,1926/01/01 00:00:00.000,1926/01/01 00:00:00.000, ,https://www1.sedecatastro.gob.es/CYCBienInmueble/OVCListaBienes.aspx?rc1=1961908&rc2=YJ2716B,1961908YJ2716B,1961908YJ2716B,ES.SDGC.BU,0.100000000000000,m,footPrint,1,1_residential,1,1, ,http://ovc.catastro.meh.es/OVCServWeb/OVCWcfLibres/OVCFotoFachada.svc/RecuperarFotoFachadaGet?ReferenciaCatastral=1961908YJ2716B,jpeg,NotOfficial,grossFloorArea,127,m2,62.500000000000000,1033.009167480000087,64.563072967500005,8.883878840328000,62.457648425675764,126.152599999804607
835,ES.SDGC.BU.1961909YJ2716B,2020/12/22 00:00:00.000,functional,1945/01/01 00:00:00.000,1945/01/01 00:00:00.000, ,https://www1.sedecatastro.gob.es/CYCBienInmueble/OVCListaBienes.aspx?rc1=1961909&rc2=YJ2716B,1961909YJ2716B,1961909YJ2716B,ES.SDGC.BU,0.100000000000000,m,footPrint,1,1_residential,1,1, ,http://ovc.catastro.meh.es/OVCServWeb/OVCWcfLibres/OVCFotoFachada.svc/RecuperarFotoFachadaGet?ReferenciaCatastral=1961909YJ2716B,jpeg,NotOfficial,grossFloorArea,124,m2,62.500000000000000,1196.882214360000035,74.805138397500002,10.293187043496001,62.399166208187765,123.209599997195966
836,ES.SDGC.BU.1961910YJ2726A,2020/12/22 00:00:00.000,functional,1945/01/01 00:00:00.000,1945/01/01 00:00:00.000, ,https://www1.sedecatastro.gob.es/CYCBienInmueble/OVCListaBienes.aspx?rc1=1961910&rc2=YJ2726A,1961910YJ2726A,1961910YJ2726A,ES.SDGC.BU,0.100000000000000,m,footPrint,1,1_residential,1,1, ,http://ovc.catastro.meh.es/OVCServWeb/OVCWcfLibres/OVCFotoFachada.svc/RecuperarFotoFachadaGet?ReferenciaCatastral=1961910YJ2726A,jpeg,NotOfficial,grossFloorArea,106,m2,56.250000000000000,1071.778720430000021,60.287553024187503,8.295567296128199,53.772268075233683,106.300499997602785
837,ES.SDGC.BU.1961911YJ2716B,2020/12/22 00:00:00.000,functional,1940/01/01 00:00:00.000,1940/01/01 00:00:00.000, ,https://www1.sedecatastro.gob.es/CYCBienInmueble/OVCListaBienes.aspx?rc1=1961911&rc2=YJ2716B,1961911YJ2716B,1961911YJ2716B,ES.SDGC.BU,0.100000000000000,m,footPrint,1,1_residential,1,1, ,http://ovc.catastro.meh.es/OVCServWeb/OVCWcfLibres/OVCFotoFachada.svc/RecuperarFotoFachadaGet?ReferenciaCatastral=1961911YJ2716B,jpeg,NotOfficial,grossFloorArea,140,m2,100.000000000000000,1018.809944149999978,101.880994414999989,14.018824831503997,56.737107437818793,140.011650000890171
838,ES.SDGC.BU.1961912YJ2716B,2020/12/22 00:00:00.000,functional,1940/01/01 00:00:00.000,1940/01/01 00:00:00.000, ,https://www1.sedecatastro.gob.es/CYCBienInmueble/OVCListaBienes.aspx?rc1=1961912&rc2=YJ2716B,1961912YJ2716B,1961912YJ2716B,ES.SDGC.BU,0.100000000000000,m,footPrint,1,1_residential,1,1, ,http://ovc.catastro.meh.es/OVCServWeb/OVCWcfLibres/OVCFotoFachada.svc/RecuperarFotoFachadaGet?ReferenciaCatastral=1961912YJ2716B,jpeg,NotOfficial,grossFloorArea,139,m2,43.750000000000000,907.648995536000029,39.709643554700001,5.464046953126720,66.344823520228502,139.064100001395303
839,ES.SDGC.BU.1961913YJ2716B,2020/12/22 00:00:00.000,functional,1982/01/01 00:00:00.000,1982/01/01 00:00:00.000, ,https://www1.sedecatastro.gob.es/CYCBienInmueble/OVCListaBienes.aspx?rc1=1961913&rc2=YJ2716B,1961913YJ2716B,1961913YJ2716B,ES.SDGC.BU,0.100000000000000,m,footPrint,1,1_residential,71,40, ,http://ovc.catastro.meh.es/OVCServWeb/OVCWcfLibres/OVCFotoFachada.svc/RecuperarFotoFachadaGet?ReferenciaCatastral=1961913YJ2716B,jpeg,NotOfficial,grossFloorArea,5860,m2,462.500000000000000,1208.093509159999940,558.743247986499910,76.883070922942380,244.869469162439572,878.386600006508274
840,ES.SDGC.BU.1961914YJ2716B,2020/12/22 00:00:00.000,functional,1923/01/01 00:00:00.000,1923/01/01 00:00:00.000, ,https://www1.sedecatastro.gob.es/CYCBienInmueble/OVCListaBienes.aspx?rc1=1961914&rc2=YJ2716B,1961914YJ2716B,1961914YJ2716B,ES.SDGC.BU,0.100000000000000,m,footPrint,1,1_residential,1,1, ,http://ovc.catastro.meh.es/OVCServWeb/OVCWcfLibres/OVCFotoFachada.svc/RecuperarFotoFachadaGet?ReferenciaCatastral=1961914YJ2716B,jpeg,NotOfficial,grossFloorArea,132,m2,25.000000000000000,1069.516571039999917,26.737914275999998,3.679137004377599,52.945699737788743,131.786701501392770
841,ES.SDGC.BU.1961915YJ2716B,2020/12/22 00:00:00.000,functional,1923/01/01 00:00:00.000,2008/01/01 00:00:00.000, ,https://www1.sedecatastro.gob.es/CYCBienInmueble/OVCListaBienes.aspx?rc1=1961915&rc2=YJ2716B,1961915YJ2716B,1961915YJ2716B,ES.SDGC.BU,0.100000000000000,m,footPrint,1,1_residential,1,1, ,http://ovc.catastro.meh.es/OVCServWeb/OVCWcfLibres/OVCFotoFachada.svc/RecuperarFotoFachadaGet?ReferenciaCatastral=1961915YJ2716B,jpeg,NotOfficial,grossFloorArea,154,m2,62.500000000000000,1103.563824459999978,68.972739028749999,9.490648890355999,67.178769512040930,153.599002398681932
842,ES.SDGC.BU.1961916YJ2716B,2020/12/22 00:00:00.000,functional,1923/01/01 00:00:00.000,2012/01/01 00:00:00.000, ,https://www1.sedecatastro.gob.es/CYCBienInmueble/OVCListaBienes.aspx?rc1=1961916&rc2=YJ2716B,1961916YJ2716B,1961916YJ2716B,ES.SDGC.BU,0.100000000000000,m,footPrint,1,1_residential,1,1, ,http://ovc.catastro.meh.es/OVCServWeb/OVCWcfLibres/OVCFotoFachada.svc/RecuperarFotoFachadaGet?ReferenciaCatastral=1961916YJ2716B,jpeg,NotOfficial,grossFloorArea,167,m2,62.500000000000000,1144.149377440000080,71.509336090000005,9.839684645984001,73.830341330743721,167.183151681352342
843,ES.SDGC.BU.1961917YJ2716B,2020/12/22 00:00:00.000,functional,1923/01/01 00:00:00.000,2003/01/01 00:00:00.000, ,https://www1.sedecatastro.gob.es/CYCBienInmueble/OVCListaBienes.aspx?rc1=1961917&rc2=YJ2716B,1961917YJ2716B,1961917YJ2716B,ES.SDGC.BU,0.100000000000000,m,footPrint,1,1_residential,1,1, ,http://ovc.catastro.meh.es/OVCServWeb/OVCWcfLibres/OVCFotoFachada.svc/RecuperarFotoFachadaGet?ReferenciaCatastral=1961917YJ2716B,jpeg,NotOfficial,grossFloorArea,192,m2,100.000000000000000,1047.626617429999897,104.762661742999995,14.415342255836800,45.763253243211011,129.714469047561295
844,ES.SDGC.BU.1961918YJ2716B,2020/12/22 00:00:00.000,functional,1920/01/01 00:00:00.000,2003/01/01 00:00:00.000, ,https://www1.sedecatastro.gob.es/CYCBienInmueble/OVCListaBienes.aspx?rc1=1961918&rc2=YJ2716B,1961918YJ2716B,1961918YJ2716B,ES.SDGC.BU,0.100000000000000,m,footPrint,1,1_residential,1,1, ,http://ovc.catastro.meh.es/OVCServWeb/OVCWcfLibres/OVCFotoFachada.svc/RecuperarFotoFachadaGet?ReferenciaCatastral=1961918YJ2716B,jpeg,NotOfficial,grossFloorArea,167,m2,68.750000000000000,1017.333673650000037,69.941690063437505,9.623976552729001,54.366657919220700,91.349026504543943
845,ES.SDGC.BU.1961919YJ2716B,2020/12/22 00:00:00.000,functional,1920/01/01 00:00:00.000,1920/01/01 00:00:00.000, ,https://www1.sedecatastro.gob.es/CYCBienInmueble/OVCListaBienes.aspx?rc1=1961919&rc2=YJ2716B,1961919YJ2716B,1961919YJ2716B,ES.SDGC.BU,0.100000000000000,m,footPrint,1,1_residential,1,1, ,http://ovc.catastro.meh.es/OVCServWeb/OVCWcfLibres/OVCFotoFachada.svc/RecuperarFotoFachadaGet?ReferenciaCatastral=1961919YJ2716B,jpeg,NotOfficial,grossFloorArea,73,m2,25.000000000000000,882.934188843000015,22.073354721074999,3.037293609619920,40.277983206878332,73.229470002962245
846,ES.SDGC.BU.1961920YJ2716B,2020/12/22 00:00:00.000,functional,1967/01/01 00:00:00.000,1967/01/01 00:00:00.000, ,https://www1.sedecatastro.gob.es/CYCBienInmueble/OVCListaBienes.aspx?rc1=1961920&rc2=YJ2716B,1961920YJ2716B,1961920YJ2716B,ES.SDGC.BU,0.100000000000000,m,footPrint,1,1_residential,17,16, ,http://ovc.catastro.meh.es/OVCServWeb/OVCWcfLibres/OVCFotoFachada.svc/RecuperarFotoFachadaGet?ReferenciaCatastral=1961920YJ2716B,jpeg,NotOfficial,grossFloorArea,1340,m2,131.250000000000000,1186.988798600000109,155.792279816250016,21.437017702716002,86.216604695835642,238.658012486207696
847,ES.SDGC.BU.1961921YJ2716B,2020/12/22 00:00:00.000,functional,1924/01/01 00:00:00.000,1924/01/01 00:00:00.000, ,https://www1.sedecatastro.gob.es/CYCBienInmueble/OVCListaBienes.aspx?rc1=1961921&rc2=YJ2716B,1961921YJ2716B,1961921YJ2716B,ES.SDGC.BU,0.100000000000000,m,footPrint,1,1_residential,1,1, ,http://ovc.catastro.meh.es/OVCServWeb/OVCWcfLibres/OVCFotoFachada.svc/RecuperarFotoFachadaGet?ReferenciaCatastral=1961921YJ2716B,jpeg,NotOfficial,grossFloorArea,132,m2,37.500000000000000,866.370290120000050,32.488885879500003,4.470470697019200,60.107136559203042,132.186800007542416
848,ES.SDGC.BU.1961922YJ2716B,2020/12/22 00:00:00.000,functional,1924/01/01 00:00:00.000,1924/01/01 00:00:00.000, ,https://www1.sedecatastro.gob.es/CYCBienInmueble/OVCListaBienes.aspx?rc1=1961922&rc2=YJ2716B,1961922YJ2716B,1961922YJ2716B,ES.SDGC.BU,0.100000000000000,m,footPrint,1,1_residential,1,1, ,http://ovc.catastro.meh.es/OVCServWeb/OVCWcfLibres/OVCFotoFachada.svc/RecuperarFotoFachadaGet?ReferenciaCatastral=1961922YJ2716B,jpeg,NotOfficial,grossFloorArea,95,m2,50.000000000000000,952.762565612999992,47.638128280650001,6.555006451417440,40.011392130471187,95.357164993933907
849,ES.SDGC.BU.1961923YJ2716B,2020/12/22 00:00:00.000,functional,1977/01/01 00:00:00.000,1977/01/01 00:00:00.000, ,https://www1.sedecatastro.gob.es/CYCBienInmueble/OVCListaBienes.aspx?rc1=1961923&rc2=YJ2716B,1961923YJ2716B,1961923YJ2716B,ES.SDGC.BU,0.100000000000000,m,footPrint,1,1_residential,6,5, ,http://ovc.catastro.meh.es/OVCServWeb/OVCWcfLibres/OVCFotoFachada.svc/RecuperarFotoFachadaGet?ReferenciaCatastral=1961923YJ2716B,jpeg,NotOfficial,grossFloorArea,900,m2,31.250000000000000,1130.157348629999888,35.317417144687496,4.859676599108999,65.504594930781280,195.566200010480543
850,ES.SDGC.BU.1961924YJ2716B,2020/12/22 00:00:00.000,functional,1970/01/01 00:00:00.000,1970/01/01 00:00:00.000, ,https://www1.sedecatastro.gob.es/CYCBienInmueble/OVCListaBienes.aspx?rc1=1961924&rc2=YJ2716B,1961924YJ2716B,1961924YJ2716B,ES.SDGC.BU,0.100000000000000,m,footPrint,1,1_residential,13,10, ,http://ovc.catastro.meh.es/OVCServWeb/OVCWcfLibres/OVCFotoFachada.svc/RecuperarFotoFachadaGet?ReferenciaCatastral=1961924YJ2716B,jpeg,NotOfficial,grossFloorArea,1577,m2,125.000000000000000,1166.277404789999991,145.784675598749999,20.059971362387998,79.698499415174425,319.712187502766028
851,ES.SDGC.BU.2054701YJ2715D,2020/12/18 00:00:00.000,functional,1975/01/01 00:00:00.000,1975/01/01 00:00:00.000, ,https://www1.sedecatastro.gob.es/CYCBienInmueble/OVCListaBienes.aspx?rc1=2054701&rc2=YJ2715D,2054701YJ2715D,2054701YJ2715D,ES.SDGC.BU,0.100000000000000,m,footPrint,1,1_residential,27,24, ,http://ovc.catastro.meh.es/OVCServWeb/OVCWcfLibres/OVCFotoFachada.svc/RecuperarFotoFachadaGet?ReferenciaCatastral=2054701YJ2715D,jpeg,NotOfficial,grossFloorArea,2878,m2,343.750000000000000,1154.587258080000083,396.889369965000014,54.611977307183999,38.398625121374451,17.080757412620414
852,ES.SDGC.BU.2054726YJ2715D,2020/10/29 00:00:00.000,functional,1974/01/01 00:00:00.000,1974/01/01 00:00:00.000, ,https://www1.sedecatastro.gob.es/CYCBienInmueble/OVCListaBienes.aspx?rc1=2054726&rc2=YJ2715D,2054726YJ2715D,2054726YJ2715D,ES.SDGC.BU,0.100000000000000,m,footPrint,1,1_residential,6,4, ,http://ovc.catastro.meh.es/OVCServWeb/OVCWcfLibres/OVCFotoFachada.svc/RecuperarFotoFachadaGet?ReferenciaCatastral=2054726YJ2715D,jpeg,NotOfficial,grossFloorArea,582,m2,81.250000000000000,1097.199138929999890,89.147430038062495,12.266686373237398,47.515892266527999,109.930838933465893
853,ES.SDGC.BU.2054727YJ2715D,2020/12/18 00:00:00.000,functional,1884/01/01 00:00:00.000,1884/01/01 00:00:00.000, ,https://www1.sedecatastro.gob.es/CYCBienInmueble/OVCListaBienes.aspx?rc1=2054727&rc2=YJ2715D,2054727YJ2715D,2054727YJ2715D,ES.SDGC.BU,0.100000000000000,m,footPrint,1,1_residential,1,1, ,http://ovc.catastro.meh.es/OVCServWeb/OVCWcfLibres/OVCFotoFachada.svc/RecuperarFotoFachadaGet?ReferenciaCatastral=2054727YJ2715D,jpeg,NotOfficial,grossFloorArea,190,m2,6.250000000000000,989.622741699000017,6.185142135618750,0.851075557861140,53.157725177266379,114.719749415302815
854,ES.SDGC.BU.2055901YJ2725E,2020/12/18 00:00:00.000,functional,1969/01/01 00:00:00.000,1969/01/01 00:00:00.000, ,https://www1.sedecatastro.gob.es/CYCBienInmueble/OVCListaBienes.aspx?rc1=2055901&rc2=YJ2725E,2055901YJ2725E,2055901YJ2725E,ES.SDGC.BU,0.100000000000000,m,footPrint,1,1_residential,28,21, ,http://ovc.catastro.meh.es/OVCServWeb/OVCWcfLibres/OVCFotoFachada.svc/RecuperarFotoFachadaGet?ReferenciaCatastral=2055901YJ2725E,jpeg,NotOfficial,grossFloorArea,2721,m2,456.250000000000000,1183.440464799999972,539.944712064999976,74.296392380143999,46.656981077881262,20.234128802019697
855,ES.SDGC.BU.2055902YJ2725E,2020/12/18 00:00:00.000,functional,1969/01/01 00:00:00.000,1969/01/01 00:00:00.000, ,https://www1.sedecatastro.gob.es/CYCBienInmueble/OVCListaBienes.aspx?rc1=2055902&rc2=YJ2725E,2055902YJ2725E,2055902YJ2725E,ES.SDGC.BU,0.100000000000000,m,footPrint,1,1_residential,16,14, ,http://ovc.catastro.meh.es/OVCServWeb/OVCWcfLibres/OVCFotoFachada.svc/RecuperarFotoFachadaGet?ReferenciaCatastral=2055902YJ2725E,jpeg,NotOfficial,grossFloorArea,1364,m2,268.750000000000000,1160.232620589999897,311.812516783562501,42.905402309418200,21.363256135479457,10.134528994607145
856,ES.SDGC.BU.2055912YJ2725E,2020/10/29 00:00:00.000,functional,1988/01/01 00:00:00.000,1988/01/01 00:00:00.000, ,https://www1.sedecatastro.gob.es/CYCBienInmueble/OVCListaBienes.aspx?rc1=2055912&rc2=YJ2725E,2055912YJ2725E,2055912YJ2725E,ES.SDGC.BU,0.100000000000000,m,footPrint,1,1_residential,15,12, ,http://ovc.catastro.meh.es/OVCServWeb/OVCWcfLibres/OVCFotoFachada.svc/RecuperarFotoFachadaGet?ReferenciaCatastral=2055912YJ2725E,jpeg,NotOfficial,grossFloorArea,1533,m2,156.250000000000000,1194.932187500000055,186.708154296874994,25.691042031249999,52.349954731108049,37.103101844731462
857,ES.SDGC.BU.2055914YJ2725E,2020/12/18 00:00:00.000,functional,2003/01/01 00:00:00.000,2003/01/01 00:00:00.000, ,https://www1.sedecatastro.gob.es/CYCBienInmueble/OVCListaBienes.aspx?rc1=2055914&rc2=YJ2725E,2055914YJ2725E,2055914YJ2725E,ES.SDGC.BU,0.100000000000000,m,footPrint,1,1_residential,1,1, ,http://ovc.catastro.meh.es/OVCServWeb/OVCWcfLibres/OVCFotoFachada.svc/RecuperarFotoFachadaGet?ReferenciaCatastral=2055914YJ2725E,jpeg,NotOfficial,grossFloorArea,201,m2,56.250000000000000,1067.597147619999987,60.052339553625004,8.263201922578800,25.269323630272016,12.183978380948879
858,ES.SDGC.BU.2055915YJ2725E,2020/12/18 00:00:00.000,functional,1908/01/01 00:00:00.000,1908/01/01 00:00:00.000, ,https://www1.sedecatastro.gob.es/CYCBienInmueble/OVCListaBienes.aspx?rc1=2055915&rc2=YJ2725E,2055915YJ2725E,2055915YJ2725E,ES.SDGC.BU,0.100000000000000,m,footPrint,1,1_residential,1,1, ,http://ovc.catastro.meh.es/OVCServWeb/OVCWcfLibres/OVCFotoFachada.svc/RecuperarFotoFachadaGet?ReferenciaCatastral=2055915YJ2725E,jpeg,NotOfficial,grossFloorArea,190,m2,75.000000000000000,995.319712320999997,74.648978424074997,10.271699431152719,18.423324590939757,8.585624094863181
859,ES.SDGC.BU.2055918YJ2725E,2020/12/18 00:00:00.000,functional,2008/01/01 00:00:00.000,2008/01/01 00:00:00.000, ,https://www1.sedecatastro.gob.es/CYCBienInmueble/OVCListaBienes.aspx?rc1=2055918&rc2=YJ2725E,2055918YJ2725E,2055918YJ2725E,ES.SDGC.BU,0.100000000000000,m,footPrint,1,1_residential,1,1, ,http://ovc.catastro.meh.es/OVCServWeb/OVCWcfLibres/OVCFotoFachada.svc/RecuperarFotoFachadaGet?ReferenciaCatastral=2055918YJ2725E,jpeg,NotOfficial,grossFloorArea,237,m2,50.000000000000000,1021.084198000000015,51.054209900000004,7.025059282240000,16.095940379252333,7.369580854733316
860,ES.SDGC.BU.2055921YJ2725E,2020/12/18 00:00:00.000,functional,2009/01/01 00:00:00.000,2009/01/01 00:00:00.000, ,https://www1.sedecatastro.gob.es/CYCBienInmueble/OVCListaBienes.aspx?rc1=2055921&rc2=YJ2725E,2055921YJ2725E,2055921YJ2725E,ES.SDGC.BU,0.100000000000000,m,footPrint,1,1_residential,1,1, ,http://ovc.catastro.meh.es/OVCServWeb/OVCWcfLibres/OVCFotoFachada.svc/RecuperarFotoFachadaGet?ReferenciaCatastral=2055921YJ2725E,jpeg,NotOfficial,grossFloorArea,187,m2,50.000000000000000,1073.396858220000013,53.669842910999996,7.384970384553600,12.544422441988829,5.501560165317924
861,ES.SDGC.BU.2055922YJ2725E,2020/12/18 00:00:00.000,functional,2009/01/01 00:00:00.000,2009/01/01 00:00:00.000, ,https://www1.sedecatastro.gob.es/CYCBienInmueble/OVCListaBienes.aspx?rc1=2055922&rc2=YJ2725E,2055922YJ2725E,2055922YJ2725E,ES.SDGC.BU,0.100000000000000,m,footPrint,1,1_residential,1,1, ,http://ovc.catastro.meh.es/OVCServWeb/OVCWcfLibres/OVCFotoFachada.svc/RecuperarFotoFachadaGet?ReferenciaCatastral=2055922YJ2725E,jpeg,NotOfficial,grossFloorArea,191,m2,56.250000000000000,1127.601325139999972,63.427574539124997,8.727634256583599,12.344978930421926,5.399303859449885
862,ES.SDGC.BU.2055923YJ2725E,2020/12/18 00:00:00.000,functional,2008/01/01 00:00:00.000,2008/01/01 00:00:00.000, ,https://www1.sedecatastro.gob.es/CYCBienInmueble/OVCListaBienes.aspx?rc1=2055923&rc2=YJ2725E,2055923YJ2725E,2055923YJ2725E,ES.SDGC.BU,0.100000000000000,m,footPrint,1,1_residential,1,1, ,http://ovc.catastro.meh.es/OVCServWeb/OVCWcfLibres/OVCFotoFachada.svc/RecuperarFotoFachadaGet?ReferenciaCatastral=2055923YJ2725E,jpeg,NotOfficial,grossFloorArea,192,m2,56.250000000000000,1155.749430339999890,65.010905456624997,8.945500590831600,12.806916498131764,5.639805024792519
863,ES.SDGC.BU.2056201YJ2725E,2020/12/18 00:00:00.000,functional,1975/01/01 00:00:00.000,1975/01/01 00:00:00.000, ,https://www1.sedecatastro.gob.es/CYCBienInmueble/OVCListaBienes.aspx?rc1=2056201&rc2=YJ2725E,2056201YJ2725E,2056201YJ2725E,ES.SDGC.BU,0.100000000000000,m,footPrint,1,1_residential,14,11, ,http://ovc.catastro.meh.es/OVCServWeb/OVCWcfLibres/OVCFotoFachada.svc/RecuperarFotoFachadaGet?ReferenciaCatastral=2056201YJ2725E,jpeg,NotOfficial,grossFloorArea,1906,m2,125.000000000000000,1099.814160160000029,137.476770020000004,18.916803554752001,89.981414562126446,376.207716000701339
864,ES.SDGC.BU.2056202YJ2725E,2020/12/18 00:00:00.000,functional,1952/01/01 00:00:00.000,2003/01/01 00:00:00.000, ,https://www1.sedecatastro.gob.es/CYCBienInmueble/OVCListaBienes.aspx?rc1=2056202&rc2=YJ2725E,2056202YJ2725E,2056202YJ2725E,ES.SDGC.BU,0.100000000000000,m,footPrint,1,1_residential,1,1, ,http://ovc.catastro.meh.es/OVCServWeb/OVCWcfLibres/OVCFotoFachada.svc/RecuperarFotoFachadaGet?ReferenciaCatastral=2056202YJ2725E,jpeg,NotOfficial,grossFloorArea,299,m2,93.750000000000000,1093.053458659999933,102.473761749375001,14.100389616713999,88.942779781021258,195.907601318000786
865,ES.SDGC.BU.2056203YJ2725E,2020/12/18 00:00:00.000,functional,1930/01/01 00:00:00.000,1930/01/01 00:00:00.000, ,https://www1.sedecatastro.gob.es/CYCBienInmueble/OVCListaBienes.aspx?rc1=2056203&rc2=YJ2725E,2056203YJ2725E,2056203YJ2725E,ES.SDGC.BU,0.100000000000000,m,footPrint,1,1_residential,2,2, ,http://ovc.catastro.meh.es/OVCServWeb/OVCWcfLibres/OVCFotoFachada.svc/RecuperarFotoFachadaGet?ReferenciaCatastral=2056203YJ2725E,jpeg,NotOfficial,grossFloorArea,309,m2,131.250000000000000,1100.277486169999975,144.411420059812485,19.871011400230199,88.553610686662608,204.159725506611579
866,ES.SDGC.BU.2056204YJ2725E,2020/12/18 00:00:00.000,functional,1918/01/01 00:00:00.000,1997/01/01 00:00:00.000, ,https://www1.sedecatastro.gob.es/CYCBienInmueble/OVCListaBienes.aspx?rc1=2056204&rc2=YJ2725E,2056204YJ2725E,2056204YJ2725E,ES.SDGC.BU,0.100000000000000,m,footPrint,1,1_residential,1,1, ,http://ovc.catastro.meh.es/OVCServWeb/OVCWcfLibres/OVCFotoFachada.svc/RecuperarFotoFachadaGet?ReferenciaCatastral=2056204YJ2725E,jpeg,NotOfficial,grossFloorArea,218,m2,75.000000000000000,1129.443751020000036,84.708281326500000,11.655859510526399,43.008514049558634,109.677654849944020
867,ES.SDGC.BU.2056205YJ2725E,2020/12/18 00:00:00.000,functional,1970/01/01 00:00:00.000,1970/01/01 00:00:00.000, ,https://www1.sedecatastro.gob.es/CYCBienInmueble/OVCListaBienes.aspx?rc1=2056205&rc2=YJ2725E,2056205YJ2725E,2056205YJ2725E,ES.SDGC.BU,0.100000000000000,m,footPrint,1,1_residential,1,1, ,http://ovc.catastro.meh.es/OVCServWeb/OVCWcfLibres/OVCFotoFachada.svc/RecuperarFotoFachadaGet?ReferenciaCatastral=2056205YJ2725E,jpeg,NotOfficial,grossFloorArea,211,m2,131.250000000000000,1077.618963330000042,141.437488937062511,19.461798477739801,84.644943938608108,210.767458111900112
868,ES.SDGC.BU.2056206YJ2725E,2020/12/18 00:00:00.000,functional,2000/01/01 00:00:00.000,2000/01/01 00:00:00.000, ,https://www1.sedecatastro.gob.es/CYCBienInmueble/OVCListaBienes.aspx?rc1=2056206&rc2=YJ2725E,2056206YJ2725E,2056206YJ2725E,ES.SDGC.BU,0.100000000000000,m,footPrint,1,1_residential,1,0, ,http://ovc.catastro.meh.es/OVCServWeb/OVCWcfLibres/OVCFotoFachada.svc/RecuperarFotoFachadaGet?ReferenciaCatastral=2056206YJ2725E,jpeg,NotOfficial,grossFloorArea,593,m2,68.750000000000000,923.035339355000019,63.458679580656252,8.731914310298301,103.729133938243251,286.054359997172469
869,ES.SDGC.BU.2056207YJ2725E,2020/12/18 00:00:00.000,functional,1980/01/01 00:00:00.000,1980/01/01 00:00:00.000, ,https://www1.sedecatastro.gob.es/CYCBienInmueble/OVCListaBienes.aspx?rc1=2056207&rc2=YJ2725E,2056207YJ2725E,2056207YJ2725E,ES.SDGC.BU,0.100000000000000,m,footPrint,1,1_residential,31,16, ,http://ovc.catastro.meh.es/OVCServWeb/OVCWcfLibres/OVCFotoFachada.svc/RecuperarFotoFachadaGet?ReferenciaCatastral=2056207YJ2725E,jpeg,NotOfficial,grossFloorArea,3500,m2,218.750000000000000,1093.548191619999898,239.213666916874956,32.915800567761991,106.442210770125200,597.564982486606482
870,ES.SDGC.BU.2056208YJ2725E,2020/12/18 00:00:00.000,functional,1924/01/01 00:00:00.000,1924/01/01 00:00:00.000, ,https://www1.sedecatastro.gob.es/CYCBienInmueble/OVCListaBienes.aspx?rc1=2056208&rc2=YJ2725E,2056208YJ2725E,2056208YJ2725E,ES.SDGC.BU,0.100000000000000,m,footPrint,1,1_residential,2,2, ,http://ovc.catastro.meh.es/OVCServWeb/OVCWcfLibres/OVCFotoFachada.svc/RecuperarFotoFachadaGet?ReferenciaCatastral=2056208YJ2725E,jpeg,NotOfficial,grossFloorArea,197,m2,18.750000000000000,1121.144775389999950,21.021464538562501,2.892553520506200,44.930836662510011,80.811100000244195
871,ES.SDGC.BU.2056209YJ2725E,2020/12/18 00:00:00.000,functional,1924/01/01 00:00:00.000,1924/01/01 00:00:00.000, ,https://www1.sedecatastro.gob.es/CYCBienInmueble/OVCListaBienes.aspx?rc1=2056209&rc2=YJ2725E,2056209YJ2725E,2056209YJ2725E,ES.SDGC.BU,0.100000000000000,m,footPrint,1,1_residential,1,1, ,http://ovc.catastro.meh.es/OVCServWeb/OVCWcfLibres/OVCFotoFachada.svc/RecuperarFotoFachadaGet?ReferenciaCatastral=2056209YJ2725E,jpeg,NotOfficial,grossFloorArea,152,m2,100.000000000000000,1150.624305730000060,115.062430573000000,15.832590446844801,75.926383204644239,151.689770003132764
872,ES.SDGC.BU.2056210YJ2725E,2020/12/18 00:00:00.000,functional,1920/01/01 00:00:00.000,1920/01/01 00:00:00.000, ,https://www1.sedecatastro.gob.es/CYCBienInmueble/OVCListaBienes.aspx?rc1=2056210&rc2=YJ2725E,2056210YJ2725E,2056210YJ2725E,ES.SDGC.BU,0.100000000000000,m,footPrint,1,1_residential,1,1, ,http://ovc.catastro.meh.es/OVCServWeb/OVCWcfLibres/OVCFotoFachada.svc/RecuperarFotoFachadaGet?ReferenciaCatastral=2056210YJ2725E,jpeg,NotOfficial,grossFloorArea,426,m2,125.000000000000000,1032.705496219999986,129.088187027499998,17.762534534983999,94.414817560939511,203.392953386975449
873,ES.SDGC.BU.2056211YJ2725E,2021/12/01 00:00:00.000,functional,1926/01/01 00:00:00.000,1926/01/01 00:00:00.000, ,https://www1.sedecatastro.gob.es/CYCBienInmueble/OVCListaBienes.aspx?rc1=2056211&rc2=YJ2725E,2056211YJ2725E,2056211YJ2725E,ES.SDGC.BU,0.100000000000000,m,footPrint,1,1_residential,2,1, ,http://ovc.catastro.meh.es/OVCServWeb/OVCWcfLibres/OVCFotoFachada.svc/RecuperarFotoFachadaGet?ReferenciaCatastral=2056211YJ2725E,jpeg,NotOfficial,grossFloorArea,439,m2,150.000000000000000,1155.527521770000021,173.329128265500003,23.850088049332800,90.341725573374049,202.050460834065404
874,ES.SDGC.BU.2056212YJ2725E,2020/12/18 00:00:00.000,functional,1940/01/01 00:00:00.000,1940/01/01 00:00:00.000, ,https://www1.sedecatastro.gob.es/CYCBienInmueble/OVCListaBienes.aspx?rc1=2056212&rc2=YJ2725E,2056212YJ2725E,2056212YJ2725E,ES.SDGC.BU,0.100000000000000,m,footPrint,1,1_residential,1,1, ,http://ovc.catastro.meh.es/OVCServWeb/OVCWcfLibres/OVCFotoFachada.svc/RecuperarFotoFachadaGet?ReferenciaCatastral=2056212YJ2725E,jpeg,NotOfficial,grossFloorArea,765,m2,231.250000000000000,1166.727171199999930,269.805658339999979,37.125258587583993,149.013035877435755,401.464697957602937
875,ES.SDGC.BU.2056213YJ2725E,2020/12/18 00:00:00.000,functional,1924/01/01 00:00:00.000,1924/01/01 00:00:00.000, ,https://www1.sedecatastro.gob.es/CYCBienInmueble/OVCListaBienes.aspx?rc1=2056213&rc2=YJ2725E,2056213YJ2725E,2056213YJ2725E,ES.SDGC.BU,0.100000000000000,m,footPrint,1,1_residential,1,1, ,http://ovc.catastro.meh.es/OVCServWeb/OVCWcfLibres/OVCFotoFachada.svc/RecuperarFotoFachadaGet?ReferenciaCatastral=2056213YJ2725E,jpeg,NotOfficial,grossFloorArea,284,m2,112.500000000000000,1181.404934350000076,132.908055114375031,18.288148383738005,72.128500688086348,161.780750015496267
876,ES.SDGC.BU.2056214YJ2725E,2020/12/18 00:00:00.000,functional,1929/01/01 00:00:00.000,1929/01/01 00:00:00.000, ,https://www1.sedecatastro.gob.es/CYCBienInmueble/OVCListaBienes.aspx?rc1=2056214&rc2=YJ2725E,2056214YJ2725E,2056214YJ2725E,ES.SDGC.BU,0.100000000000000,m,footPrint,1,1_residential,1,1, ,http://ovc.catastro.meh.es/OVCServWeb/OVCWcfLibres/OVCFotoFachada.svc/RecuperarFotoFachadaGet?ReferenciaCatastral=2056214YJ2725E,jpeg,NotOfficial,grossFloorArea,191,m2,143.750000000000000,1152.443290380000008,165.663722992125003,22.795328283716398,76.049417574408949,190.509050001569818
877,ES.SDGC.BU.2056215YJ2725E,2020/12/18 00:00:00.000,functional,1920/01/01 00:00:00.000,1920/01/01 00:00:00.000, ,https://www1.sedecatastro.gob.es/CYCBienInmueble/OVCListaBienes.aspx?rc1=2056215&rc2=YJ2725E,2056215YJ2725E,2056215YJ2725E,ES.SDGC.BU,0.100000000000000,m,footPrint,1,1_residential,2,2, ,http://ovc.catastro.meh.es/OVCServWeb/OVCWcfLibres/OVCFotoFachada.svc/RecuperarFotoFachadaGet?ReferenciaCatastral=2056215YJ2725E,jpeg,NotOfficial,grossFloorArea,169,m2,50.000000000000000,1134.828300480000053,56.741415023999998,7.807618707302399,38.366227546104611,88.040950010188112
878,ES.SDGC.BU.2056216YJ2725E,2020/12/18 00:00:00.000,functional,1968/01/01 00:00:00.000,1968/01/01 00:00:00.000, ,https://www1.sedecatastro.gob.es/CYCBienInmueble/OVCListaBienes.aspx?rc1=2056216&rc2=YJ2725E,2056216YJ2725E,2056216YJ2725E,ES.SDGC.BU,0.100000000000000,m,footPrint,1,1_residential,1,1, ,http://ovc.catastro.meh.es/OVCServWeb/OVCWcfLibres/OVCFotoFachada.svc/RecuperarFotoFachadaGet?ReferenciaCatastral=2056216YJ2725E,jpeg,NotOfficial,grossFloorArea,284,m2,56.250000000000000,1099.272942439999952,61.834103012249997,8.508372574485600,54.545207984517155,136.012650000663854
879,ES.SDGC.BU.2056217YJ2725E,2020/12/18 00:00:00.000,functional,1924/01/01 00:00:00.000,1924/01/01 00:00:00.000, ,https://www1.sedecatastro.gob.es/CYCBienInmueble/OVCListaBienes.aspx?rc1=2056217&rc2=YJ2725E,2056217YJ2725E,2056217YJ2725E,ES.SDGC.BU,0.100000000000000,m,footPrint,1,1_residential,1,1, ,http://ovc.catastro.meh.es/OVCServWeb/OVCWcfLibres/OVCFotoFachada.svc/RecuperarFotoFachadaGet?ReferenciaCatastral=2056217YJ2725E,jpeg,NotOfficial,grossFloorArea,76,m2,18.750000000000000,1163.334554040000057,21.812522888250001,3.001403149423200,38.629592130837366,75.971399992021176
880,ES.SDGC.BU.2057101YJ2715H,2020/12/18 00:00:00.000,functional,1978/01/01 00:00:00.000,1978/01/01 00:00:00.000, ,https://www1.sedecatastro.gob.es/CYCBienInmueble/OVCListaBienes.aspx?rc1=2057101&rc2=YJ2715H,2057101YJ2715H,2057101YJ2715H,ES.SDGC.BU,0.100000000000000,m,footPrint,1,1_residential,22,20, ,http://ovc.catastro.meh.es/OVCServWeb/OVCWcfLibres/OVCFotoFachada.svc/RecuperarFotoFachadaGet?ReferenciaCatastral=2057101YJ2715H,jpeg,NotOfficial,grossFloorArea,3540,m2,318.750000000000000,1197.128161860000091,381.584601592875003,52.506041179179597,114.716571752121894,636.262699994011996
881,ES.SDGC.BU.2057102YJ2725G,2020/12/18 00:00:00.000,functional,1977/01/01 00:00:00.000,1977/01/01 00:00:00.000, ,https://www1.sedecatastro.gob.es/CYCBienInmueble/OVCListaBienes.aspx?rc1=2057102&rc2=YJ2725G,2057102YJ2725G,2057102YJ2725G,ES.SDGC.BU,0.100000000000000,m,footPrint,1,1_residential,81,36, ,http://ovc.catastro.meh.es/OVCServWeb/OVCWcfLibres/OVCFotoFachada.svc/RecuperarFotoFachadaGet?ReferenciaCatastral=2057102YJ2725G,jpeg,NotOfficial,grossFloorArea,6880,m2,493.750000000000000,1173.402627290000055,579.367547224437544,79.720974498082612,141.916694121672066,1133.336074996542038
882,ES.SDGC.BU.2057103YJ2725G,2020/12/18 00:00:00.000,functional,1922/01/01 00:00:00.000,1922/01/01 00:00:00.000, ,https://www1.sedecatastro.gob.es/CYCBienInmueble/OVCListaBienes.aspx?rc1=2057103&rc2=YJ2725G,2057103YJ2725G,2057103YJ2725G,ES.SDGC.BU,0.100000000000000,m,footPrint,1,1_residential,1,1, ,http://ovc.catastro.meh.es/OVCServWeb/OVCWcfLibres/OVCFotoFachada.svc/RecuperarFotoFachadaGet?ReferenciaCatastral=2057103YJ2725G,jpeg,NotOfficial,grossFloorArea,237,m2,25.000000000000000,883.659652710000046,22.091491317750002,3.039789205322400,71.174700595147129,157.682437496126170
883,ES.SDGC.BU.2057104YJ2725G,2020/12/18 00:00:00.000,functional,1970/01/01 00:00:00.000,1970/01/01 00:00:00.000, ,https://www1.sedecatastro.gob.es/CYCBienInmueble/OVCListaBienes.aspx?rc1=2057104&rc2=YJ2725G,2057104YJ2725G,2057104YJ2725G,ES.SDGC.BU,0.100000000000000,m,footPrint,1,1_residential,24,22, ,http://ovc.catastro.meh.es/OVCServWeb/OVCWcfLibres/OVCFotoFachada.svc/RecuperarFotoFachadaGet?ReferenciaCatastral=2057104YJ2725G,jpeg,NotOfficial,grossFloorArea,2496,m2,237.500000000000000,1145.142505849999907,271.971345139374932,37.423257091177994,105.200146625203146,572.216244990812925
884,ES.SDGC.BU.2057105YJ2725G,2020/12/18 00:00:00.000,functional,1976/01/01 00:00:00.000,1976/01/01 00:00:00.000, ,https://www1.sedecatastro.gob.es/CYCBienInmueble/OVCListaBienes.aspx?rc1=2057105&rc2=YJ2725G,2057105YJ2725G,2057105YJ2725G,ES.SDGC.BU,0.100000000000000,m,footPrint,1,1_residential,69,30, ,http://ovc.catastro.meh.es/OVCServWeb/OVCWcfLibres/OVCFotoFachada.svc/RecuperarFotoFachadaGet?ReferenciaCatastral=2057105YJ2725G,jpeg,NotOfficial,grossFloorArea,4914,m2,556.250000000000000,1168.389961159999984,649.916915895250099,89.428567627186411,126.841732757594187,894.815350008375617
885,ES.SDGC.BU.2057301YJ2725G,2020/12/18 00:00:00.000,functional,1920/01/01 00:00:00.000,1920/01/01 00:00:00.000, ,https://www1.sedecatastro.gob.es/CYCBienInmueble/OVCListaBienes.aspx?rc1=2057301&rc2=YJ2725G,2057301YJ2725G,2057301YJ2725G,ES.SDGC.BU,0.100000000000000,m,footPrint,1,1_residential,4,2, ,http://ovc.catastro.meh.es/OVCServWeb/OVCWcfLibres/OVCFotoFachada.svc/RecuperarFotoFachadaGet?ReferenciaCatastral=2057301YJ2725G,jpeg,NotOfficial,grossFloorArea,596,m2,143.750000000000000,994.313840120000009,142.932614517250016,19.667527757573602,95.712081560419179,364.379339695712929
886,ES.SDGC.BU.2057302YJ2725G,2020/12/18 00:00:00.000,functional,1991/01/01 00:00:00.000,1991/01/01 00:00:00.000, ,https://www1.sedecatastro.gob.es/CYCBienInmueble/OVCListaBienes.aspx?rc1=2057302&rc2=YJ2725G,2057302YJ2725G,2057302YJ2725G,ES.SDGC.BU,0.100000000000000,m,footPrint,1,1_residential,5,4, ,http://ovc.catastro.meh.es/OVCServWeb/OVCWcfLibres/OVCFotoFachada.svc/RecuperarFotoFachadaGet?ReferenciaCatastral=2057302YJ2725G,jpeg,NotOfficial,grossFloorArea,908,m2,81.250000000000000,1080.471984860000020,87.788348769875000,12.079676790734799,68.047281997526994,265.570600502771015
887,ES.SDGC.BU.2057303YJ2725G,2020/12/18 00:00:00.000,functional,1961/01/01 00:00:00.000,1961/01/01 00:00:00.000, ,https://www1.sedecatastro.gob.es/CYCBienInmueble/OVCListaBienes.aspx?rc1=2057303&rc2=YJ2725G,2057303YJ2725G,2057303YJ2725G,ES.SDGC.BU,0.100000000000000,m,footPrint,1,1_residential,20,17, ,http://ovc.catastro.meh.es/OVCServWeb/OVCWcfLibres/OVCFotoFachada.svc/RecuperarFotoFachadaGet?ReferenciaCatastral=2057303YJ2725G,jpeg,NotOfficial,grossFloorArea,1257,m2,137.500000000000000,1183.342995380000048,162.709661864749989,22.388849472589598,87.224979926814882,260.585450005097528
888,ES.SDGC.BU.2057304YJ2725G,2020/10/29 00:00:00.000,functional,1978/01/01 00:00:00.000,1978/01/01 00:00:00.000, ,https://www1.sedecatastro.gob.es/CYCBienInmueble/OVCListaBienes.aspx?rc1=2057304&rc2=YJ2725G,2057304YJ2725G,2057304YJ2725G,ES.SDGC.BU,0.100000000000000,m,footPrint,1,1_residential,17,12, ,http://ovc.catastro.meh.es/OVCServWeb/OVCWcfLibres/OVCFotoFachada.svc/RecuperarFotoFachadaGet?ReferenciaCatastral=2057304YJ2725G,jpeg,NotOfficial,grossFloorArea,1745,m2,275.000000000000000,1170.272265349999998,321.824872971249988,44.283102520843997,88.514839515351667,473.555581003328484
889,ES.SDGC.BU.2057305YJ2725G,2020/12/18 00:00:00.000,functional,1920/01/01 00:00:00.000,1920/01/01 00:00:00.000, ,https://www1.sedecatastro.gob.es/CYCBienInmueble/OVCListaBienes.aspx?rc1=2057305&rc2=YJ2725G,2057305YJ2725G,2057305YJ2725G,ES.SDGC.BU,0.100000000000000,m,footPrint,1,1_residential,1,1, ,http://ovc.catastro.meh.es/OVCServWeb/OVCWcfLibres/OVCFotoFachada.svc/RecuperarFotoFachadaGet?ReferenciaCatastral=2057305YJ2725G,jpeg,NotOfficial,grossFloorArea,219,m2,37.500000000000000,1041.650380450000057,39.061889266875006,5.374915963122000,69.677188563606506,145.016549998221734
890,ES.SDGC.BU.2057306YJ2725G,2020/12/18 00:00:00.000,functional,1920/01/01 00:00:00.000,1920/01/01 00:00:00.000, ,https://www1.sedecatastro.gob.es/CYCBienInmueble/OVCListaBienes.aspx?rc1=2057306&rc2=YJ2725G,2057306YJ2725G,2057306YJ2725G,ES.SDGC.BU,0.100000000000000,m,footPrint,1,1_residential,1,1, ,http://ovc.catastro.meh.es/OVCServWeb/OVCWcfLibres/OVCFotoFachada.svc/RecuperarFotoFachadaGet?ReferenciaCatastral=2057306YJ2725G,jpeg,NotOfficial,grossFloorArea,297,m2,56.250000000000000,993.211398655000039,55.868141174343748,7.687456225589699,85.412569128760353,192.401845008161132
891,ES.SDGC.BU.2057307YJ2725G,2020/12/18 00:00:00.000,functional,1985/01/01 00:00:00.000,1985/01/01 00:00:00.000, ,https://www1.sedecatastro.gob.es/CYCBienInmueble/OVCListaBienes.aspx?rc1=2057307&rc2=YJ2725G,2057307YJ2725G,2057307YJ2725G,ES.SDGC.BU,0.100000000000000,m,footPrint,1,1_residential,57,29, ,http://ovc.catastro.meh.es/OVCServWeb/OVCWcfLibres/OVCFotoFachada.svc/RecuperarFotoFachadaGet?ReferenciaCatastral=2057307YJ2725G,jpeg,NotOfficial,grossFloorArea,4177,m2,293.750000000000000,1153.881871000000046,338.952799606250039,46.639905225820009,172.931050387696985,743.826507489833716
892,ES.SDGC.BU.2057501YJ2725G,2020/12/18 00:00:00.000,functional,1971/01/01 00:00:00.000,1971/01/01 00:00:00.000, ,https://www1.sedecatastro.gob.es/CYCBienInmueble/OVCListaBienes.aspx?rc1=2057501&rc2=YJ2725G,2057501YJ2725G,2057501YJ2725G,ES.SDGC.BU,0.100000000000000,m,footPrint,1,1_residential,7,6, ,http://ovc.catastro.meh.es/OVCServWeb/OVCWcfLibres/OVCFotoFachada.svc/RecuperarFotoFachadaGet?ReferenciaCatastral=2057501YJ2725G,jpeg,NotOfficial,grossFloorArea,561,m2,75.000000000000000,1138.774978639999972,85.408123398000001,11.752157779564801,49.749786232765231,152.172015286100788
893,ES.SDGC.BU.2057502YJ2725G,2020/12/18 00:00:00.000,functional,1977/01/01 00:00:00.000,1977/01/01 00:00:00.000, ,https://www1.sedecatastro.gob.es/CYCBienInmueble/OVCListaBienes.aspx?rc1=2057502&rc2=YJ2725G,2057502YJ2725G,2057502YJ2725G,ES.SDGC.BU,0.100000000000000,m,footPrint,1,1_residential,4,3, ,http://ovc.catastro.meh.es/OVCServWeb/OVCWcfLibres/OVCFotoFachada.svc/RecuperarFotoFachadaGet?ReferenciaCatastral=2057502YJ2725G,jpeg,NotOfficial,grossFloorArea,561,m2,56.250000000000000,1053.584852429999955,59.264147949187503,8.154746757808201,48.884057803954683,152.366581256182883
894,ES.SDGC.BU.2057506YJ2725E,2020/12/18 00:00:00.000,functional,1975/01/01 00:00:00.000,1975/01/01 00:00:00.000, ,https://www1.sedecatastro.gob.es/CYCBienInmueble/OVCListaBienes.aspx?rc1=2057506&rc2=YJ2725E,2057506YJ2725E,2057506YJ2725E,ES.SDGC.BU,0.100000000000000,m,footPrint,1,1_residential,28,28, ,http://ovc.catastro.meh.es/OVCServWeb/OVCWcfLibres/OVCFotoFachada.svc/RecuperarFotoFachadaGet?ReferenciaCatastral=2057506YJ2725E,jpeg,NotOfficial,grossFloorArea,2716,m2,425.000000000000000,1173.239863680000099,498.626942064000048,68.611067228006405,168.102310084660644,684.587269945219305
895,ES.SDGC.BU.2057507YJ2725E,2020/12/18 00:00:00.000,functional,1974/01/01 00:00:00.000,1974/01/01 00:00:00.000, ,https://www1.sedecatastro.gob.es/CYCBienInmueble/OVCListaBienes.aspx?rc1=2057507&rc2=YJ2725E,2057507YJ2725E,2057507YJ2725E,ES.SDGC.BU,0.100000000000000,m,footPrint,1,1_residential,7,6, ,http://ovc.catastro.meh.es/OVCServWeb/OVCWcfLibres/OVCFotoFachada.svc/RecuperarFotoFachadaGet?ReferenciaCatastral=2057507YJ2725E,jpeg,NotOfficial,grossFloorArea,872,m2,168.750000000000000,1136.418240019999985,191.770578003374993,26.387631533264400,70.897128950100551,253.194073336608596
896,ES.SDGC.BU.2057508YJ2725E,2020/12/18 00:00:00.000,functional,1972/01/01 00:00:00.000,1972/01/01 00:00:00.000, ,https://www1.sedecatastro.gob.es/CYCBienInmueble/OVCListaBienes.aspx?rc1=2057508&rc2=YJ2725E,2057508YJ2725E,2057508YJ2725E,ES.SDGC.BU,0.100000000000000,m,footPrint,1,1_residential,1,1, ,http://ovc.catastro.meh.es/OVCServWeb/OVCWcfLibres/OVCFotoFachada.svc/RecuperarFotoFachadaGet?ReferenciaCatastral=2057508YJ2725E,jpeg,NotOfficial,grossFloorArea,193,m2,6.250000000000000,992.710754394999981,6.204442214968750,0.853731248779700,45.904882003329604,103.925488506551019
897,ES.SDGC.BU.2057509YJ2725E,2020/12/18 00:00:00.000,functional,1976/01/01 00:00:00.000,1976/01/01 00:00:00.000, ,https://www1.sedecatastro.gob.es/CYCBienInmueble/OVCListaBienes.aspx?rc1=2057509&rc2=YJ2725E,2057509YJ2725E,2057509YJ2725E,ES.SDGC.BU,0.100000000000000,m,footPrint,1,1_residential,33,16, ,http://ovc.catastro.meh.es/OVCServWeb/OVCWcfLibres/OVCFotoFachada.svc/RecuperarFotoFachadaGet?ReferenciaCatastral=2057509YJ2725E,jpeg,NotOfficial,grossFloorArea,2644,m2,187.500000000000000,1167.085469560000092,218.828525542500017,30.110805114648002,92.474926707620853,466.699880574864892
898,ES.SDGC.BU.2057510YJ2725E,2020/12/18 00:00:00.000,functional,1929/01/01 00:00:00.000,1929/01/01 00:00:00.000, ,https://www1.sedecatastro.gob.es/CYCBienInmueble/OVCListaBienes.aspx?rc1=2057510&rc2=YJ2725E,2057510YJ2725E,2057510YJ2725E,ES.SDGC.BU,0.100000000000000,m,footPrint,1,1_residential,1,1, ,http://ovc.catastro.meh.es/OVCServWeb/OVCWcfLibres/OVCFotoFachada.svc/RecuperarFotoFachadaGet?ReferenciaCatastral=2057510YJ2725E,jpeg,NotOfficial,grossFloorArea,270,m2,62.500000000000000,972.805963134999956,60.800372695937497,8.366131282961000,79.172082818053411,166.951242078940595
899,ES.SDGC.BU.2057511YJ2725E,2020/12/18 00:00:00.000,functional,1949/01/01 00:00:00.000,1949/01/01 00:00:00.000, ,https://www1.sedecatastro.gob.es/CYCBienInmueble/OVCListaBienes.aspx?rc1=2057511&rc2=YJ2725E,2057511YJ2725E,2057511YJ2725E,ES.SDGC.BU,0.100000000000000,m,footPrint,1,4_3_publicServices,1,0, ,http://ovc.catastro.meh.es/OVCServWeb/OVCWcfLibres/OVCFotoFachada.svc/RecuperarFotoFachadaGet?ReferenciaCatastral=2057511YJ2725E,jpeg,NotOfficial,grossFloorArea,810,m2,456.250000000000000,1152.295944420000069,525.735024641625046,72.341139390687616,158.044986642826842,809.337108535910716
900,ES.SDGC.BU.2057512YJ2725E,2020/10/29 00:00:00.000,functional,1962/01/01 00:00:00.000,1962/01/01 00:00:00.000, ,https://www1.sedecatastro.gob.es/CYCBienInmueble/OVCListaBienes.aspx?rc1=2057512&rc2=YJ2725E,2057512YJ2725E,2057512YJ2725E,ES.SDGC.BU,0.100000000000000,m,footPrint,1,1_residential,7,6, ,http://ovc.catastro.meh.es/OVCServWeb/OVCWcfLibres/OVCFotoFachada.svc/RecuperarFotoFachadaGet?ReferenciaCatastral=2057512YJ2725E,jpeg,NotOfficial,grossFloorArea,657,m2,43.750000000000000,1108.360909600000014,48.490789795000005,6.672332675792001,95.426778405553605,193.424366375493889
901,ES.SDGC.BU.2057513YJ2725E,2020/12/18 00:00:00.000,functional,1951/01/01 00:00:00.000,1951/01/01 00:00:00.000, ,https://www1.sedecatastro.gob.es/CYCBienInmueble/OVCListaBienes.aspx?rc1=2057513&rc2=YJ2725E,2057513YJ2725E,2057513YJ2725E,ES.SDGC.BU,0.100000000000000,m,footPrint,1,1_residential,1,1, ,http://ovc.catastro.meh.es/OVCServWeb/OVCWcfLibres/OVCFotoFachada.svc/RecuperarFotoFachadaGet?ReferenciaCatastral=2057513YJ2725E,jpeg,NotOfficial,grossFloorArea,232,m2,50.000000000000000,1029.117393490000040,51.455869674500008,7.080327667211201,80.824834662930044,141.114279845868083
902,ES.SDGC.BU.2057514YJ2725E,2020/12/18 00:00:00.000,functional,1975/01/01 00:00:00.000,1975/01/01 00:00:00.000, ,https://www1.sedecatastro.gob.es/CYCBienInmueble/OVCListaBienes.aspx?rc1=2057514&rc2=YJ2725E,2057514YJ2725E,2057514YJ2725E,ES.SDGC.BU,0.100000000000000,m,footPrint,1,1_residential,1,1, ,http://ovc.catastro.meh.es/OVCServWeb/OVCWcfLibres/OVCFotoFachada.svc/RecuperarFotoFachadaGet?ReferenciaCatastral=2057514YJ2725E,jpeg,NotOfficial,grossFloorArea,1610,m2,306.250000000000000,1152.676746599999888,353.007253646249922,48.573798101723995,139.802314831672589,545.321443631166630
903,ES.SDGC.BU.2057515YJ2725E,2020/12/18 00:00:00.000,functional,2008/01/01 00:00:00.000,2008/01/01 00:00:00.000, ,https://www1.sedecatastro.gob.es/CYCBienInmueble/OVCListaBienes.aspx?rc1=2057515&rc2=YJ2725E,2057515YJ2725E,2057515YJ2725E,ES.SDGC.BU,0.100000000000000,m,footPrint,1,1_residential,30,11, ,http://ovc.catastro.meh.es/OVCServWeb/OVCWcfLibres/OVCFotoFachada.svc/RecuperarFotoFachadaGet?ReferenciaCatastral=2057515YJ2725E,jpeg,NotOfficial,grossFloorArea,1821,m2,175.000000000000000,1099.814256939999950,192.467494964499991,26.483527307115200,93.940418352822945,465.384273557455856
904,ES.SDGC.BU.2059302YJ2725G,2020/12/18 00:00:00.000,functional,1910/01/01 00:00:00.000,1910/01/01 00:00:00.000, ,https://www1.sedecatastro.gob.es/CYCBienInmueble/OVCListaBienes.aspx?rc1=2059302&rc2=YJ2725G,2059302YJ2725G,2059302YJ2725G,ES.SDGC.BU,0.100000000000000,m,footPrint,1,3_industrial,1,0, ,http://ovc.catastro.meh.es/OVCServWeb/OVCWcfLibres/OVCFotoFachada.svc/RecuperarFotoFachadaGet?ReferenciaCatastral=2059302YJ2725G,jpeg,NotOfficial,grossFloorArea,140,m2,25.000000000000000,1225.894805910000059,30.647370147749999,4.217078132330401,32.688094156833273,69.758299998110900
905,ES.SDGC.BU.2059303YJ2725G,2020/12/18 00:00:00.000,functional,1910/01/01 00:00:00.000,1910/01/01 00:00:00.000, ,https://www1.sedecatastro.gob.es/CYCBienInmueble/OVCListaBienes.aspx?rc1=2059303&rc2=YJ2725G,2059303YJ2725G,2059303YJ2725G,ES.SDGC.BU,0.100000000000000,m,footPrint,1,3_industrial,1,0, ,http://ovc.catastro.meh.es/OVCServWeb/OVCWcfLibres/OVCFotoFachada.svc/RecuperarFotoFachadaGet?ReferenciaCatastral=2059303YJ2725G,jpeg,NotOfficial,grossFloorArea,72,m2,31.250000000000000,977.691674805000048,30.552864837656251,4.204074201661500,34.366067665325176,72.192350008761139
906,ES.SDGC.BU.2059304YJ2725G,2020/12/18 00:00:00.000,declined,1910/01/01 00:00:00.000,1910/01/01 00:00:00.000, ,https://www1.sedecatastro.gob.es/CYCBienInmueble/OVCListaBienes.aspx?rc1=2059304&rc2=YJ2725G,2059304YJ2725G,2059304YJ2725G,ES.SDGC.BU,0.100000000000000,m,footPrint,1,1_residential,1,1, ,http://ovc.catastro.meh.es/OVCServWeb/OVCWcfLibres/OVCFotoFachada.svc/RecuperarFotoFachadaGet?ReferenciaCatastral=2059304YJ2725G,jpeg,NotOfficial,grossFloorArea,56,m2,6.250000000000000,858.363586425999983,5.364772415162499,0.738192684326360,29.992546129253949,56.008999993488196
907,ES.SDGC.BU.2059305YJ2725G,2020/12/18 00:00:00.000,functional,1997/01/01 00:00:00.000,1997/01/01 00:00:00.000, ,https://www1.sedecatastro.gob.es/CYCBienInmueble/OVCListaBienes.aspx?rc1=2059305&rc2=YJ2725G,2059305YJ2725G,2059305YJ2725G,ES.SDGC.BU,0.100000000000000,m,footPrint,1,1_residential,10,8, ,http://ovc.catastro.meh.es/OVCServWeb/OVCWcfLibres/OVCFotoFachada.svc/RecuperarFotoFachadaGet?ReferenciaCatastral=2059305YJ2725G,jpeg,NotOfficial,grossFloorArea,1727,m2,100.000000000000000,1049.608501429999933,104.960850142999988,14.442612979676797,86.499687648751717,340.909364990997915
908,ES.SDGC.BU.2059307YJ2725G,2020/12/18 00:00:00.000,functional,1997/01/01 00:00:00.000,1997/01/01 00:00:00.000, ,https://www1.sedecatastro.gob.es/CYCBienInmueble/OVCListaBienes.aspx?rc1=2059307&rc2=YJ2725G,2059307YJ2725G,2059307YJ2725G,ES.SDGC.BU,0.100000000000000,m,footPrint,1,1_residential,3,2, ,http://ovc.catastro.meh.es/OVCServWeb/OVCWcfLibres/OVCFotoFachada.svc/RecuperarFotoFachadaGet?ReferenciaCatastral=2059307YJ2725G,jpeg,NotOfficial,grossFloorArea,198,m2,6.250000000000000,1015.528747560000056,6.347054672250001,0.873354722901600,38.617646887321996,69.343665505063413
909,ES.SDGC.BU.2059308YJ2725G,2020/12/18 00:00:00.000,functional,1972/01/01 00:00:00.000,1972/01/01 00:00:00.000, ,https://www1.sedecatastro.gob.es/CYCBienInmueble/OVCListaBienes.aspx?rc1=2059308&rc2=YJ2725G,2059308YJ2725G,2059308YJ2725G,ES.SDGC.BU,0.100000000000000,m,footPrint,1,1_residential,7,4, ,http://ovc.catastro.meh.es/OVCServWeb/OVCWcfLibres/OVCFotoFachada.svc/RecuperarFotoFachadaGet?ReferenciaCatastral=2059308YJ2725G,jpeg,NotOfficial,grossFloorArea,617,m2,43.750000000000000,1135.595546179999928,49.682305145374997,6.836285188003600,52.666250520569520,126.532207505633608
910,ES.SDGC.BU.2059309YJ2725G,2020/12/18 00:00:00.000,functional,1910/01/01 00:00:00.000,1910/01/01 00:00:00.000, ,https://www1.sedecatastro.gob.es/CYCBienInmueble/OVCListaBienes.aspx?rc1=2059309&rc2=YJ2725G,2059309YJ2725G,2059309YJ2725G,ES.SDGC.BU,0.100000000000000,m,footPrint,1,3_industrial,1,0, ,http://ovc.catastro.meh.es/OVCServWeb/OVCWcfLibres/OVCFotoFachada.svc/RecuperarFotoFachadaGet?ReferenciaCatastral=2059309YJ2725G,jpeg,NotOfficial,grossFloorArea,80,m2,6.250000000000000,852.414001464999956,5.327587509156249,0.733076041259900,36.131199401176893,80.400650000813798
911,ES.SDGC.BU.2059310YJ2725G,2020/12/18 00:00:00.000,functional,1910/01/01 00:00:00.000,1910/01/01 00:00:00.000, ,https://www1.sedecatastro.gob.es/CYCBienInmueble/OVCListaBienes.aspx?rc1=2059310&rc2=YJ2725G,2059310YJ2725G,2059310YJ2725G,ES.SDGC.BU,0.100000000000000,m,footPrint,1,1_residential,1,1, ,http://ovc.catastro.meh.es/OVCServWeb/OVCWcfLibres/OVCFotoFachada.svc/RecuperarFotoFachadaGet?ReferenciaCatastral=2059310YJ2725G,jpeg,NotOfficial,grossFloorArea,88,m2,37.500000000000000,925.795603433999986,34.717335128774998,4.777105313719440,37.587062137131184,86.936650001397723
912,ES.SDGC.BU.2059311YJ2725G,2020/12/18 00:00:00.000,functional,1915/01/01 00:00:00.000,1915/01/01 00:00:00.000, ,https://www1.sedecatastro.gob.es/CYCBienInmueble/OVCListaBienes.aspx?rc1=2059311&rc2=YJ2725G,2059311YJ2725G,2059311YJ2725G,ES.SDGC.BU,0.100000000000000,m,footPrint,1,3_industrial,1,0, ,http://ovc.catastro.meh.es/OVCServWeb/OVCWcfLibres/OVCFotoFachada.svc/RecuperarFotoFachadaGet?ReferenciaCatastral=2059311YJ2725G,jpeg,NotOfficial,grossFloorArea,68,m2,25.000000000000000,1012.863372799999979,25.321584319999999,3.484250002432000,27.803179493825091,30.861049998295307
913,ES.SDGC.BU.2059601YJ2715H,2020/12/18 00:00:00.000,functional,1971/01/01 00:00:00.000,1971/01/01 00:00:00.000, ,https://www1.sedecatastro.gob.es/CYCBienInmueble/OVCListaBienes.aspx?rc1=2059601&rc2=YJ2715H,2059601YJ2715H,2059601YJ2715H,ES.SDGC.BU,0.100000000000000,m,footPrint,1,1_residential,11,8, ,http://ovc.catastro.meh.es/OVCServWeb/OVCWcfLibres/OVCFotoFachada.svc/RecuperarFotoFachadaGet?ReferenciaCatastral=2059601YJ2715H,jpeg,NotOfficial,grossFloorArea,920,m2,93.750000000000000,1151.259855139999900,107.930611419374998,14.851252131306001,58.038997966568424,210.148509506509612
914,ES.SDGC.BU.2059602YJ2725G,2020/12/18 00:00:00.000,functional,1971/01/01 00:00:00.000,1971/01/01 00:00:00.000, ,https://www1.sedecatastro.gob.es/CYCBienInmueble/OVCListaBienes.aspx?rc1=2059602&rc2=YJ2725G,2059602YJ2725G,2059602YJ2725G,ES.SDGC.BU,0.100000000000000,m,footPrint,1,1_residential,11,8, ,http://ovc.catastro.meh.es/OVCServWeb/OVCWcfLibres/OVCFotoFachada.svc/RecuperarFotoFachadaGet?ReferenciaCatastral=2059602YJ2725G,jpeg,NotOfficial,grossFloorArea,1121,m2,106.250000000000000,1111.028578809999999,118.046786498562511,16.243237822202200,71.992374260061951,268.788856994956120
915,ES.SDGC.BU.2059603YJ2725G,2020/12/18 00:00:00.000,functional,1930/01/01 00:00:00.000,1930/01/01 00:00:00.000, ,https://www1.sedecatastro.gob.es/CYCBienInmueble/OVCListaBienes.aspx?rc1=2059603&rc2=YJ2725G,2059603YJ2725G,2059603YJ2725G,ES.SDGC.BU,0.100000000000000,m,footPrint,1,4_2_retail,2,1, ,http://ovc.catastro.meh.es/OVCServWeb/OVCWcfLibres/OVCFotoFachada.svc/RecuperarFotoFachadaGet?ReferenciaCatastral=2059603YJ2725G,jpeg,NotOfficial,grossFloorArea,212,m2,87.500000000000000,1013.521623879999993,88.683142089500009,12.202800351515201,56.075549378043462,139.168277998076775
916,ES.SDGC.BU.2059604YJ2725G,2020/12/18 00:00:00.000,functional,1930/01/01 00:00:00.000,1930/01/01 00:00:00.000, ,https://www1.sedecatastro.gob.es/CYCBienInmueble/OVCListaBienes.aspx?rc1=2059604&rc2=YJ2725G,2059604YJ2725G,2059604YJ2725G,ES.SDGC.BU,0.100000000000000,m,footPrint,1,3_industrial,1,0, ,http://ovc.catastro.meh.es/OVCServWeb/OVCWcfLibres/OVCFotoFachada.svc/RecuperarFotoFachadaGet?ReferenciaCatastral=2059604YJ2725G,jpeg,NotOfficial,grossFloorArea,354,m2,131.250000000000000,1009.612766810000039,132.511675643812509,18.233606568588602,62.122070947869560,211.271500003057525
917,ES.SDGC.BU.2059605YJ2725G,2020/12/18 00:00:00.000,functional,1965/01/01 00:00:00.000,1965/01/01 00:00:00.000, ,https://www1.sedecatastro.gob.es/CYCBienInmueble/OVCListaBienes.aspx?rc1=2059605&rc2=YJ2725G,2059605YJ2725G,2059605YJ2725G,ES.SDGC.BU,0.100000000000000,m,footPrint,1,1_residential,11,10, ,http://ovc.catastro.meh.es/OVCServWeb/OVCWcfLibres/OVCFotoFachada.svc/RecuperarFotoFachadaGet?ReferenciaCatastral=2059605YJ2725G,jpeg,NotOfficial,grossFloorArea,979,m2,81.250000000000000,1205.507685730000048,97.947499465562501,13.477575926461400,64.096131759675927,218.854181500010981
918,ES.SDGC.BU.2059606YJ2725G,2020/12/18 00:00:00.000,functional,2006/01/01 00:00:00.000,2006/01/01 00:00:00.000, ,https://www1.sedecatastro.gob.es/CYCBienInmueble/OVCListaBienes.aspx?rc1=2059606&rc2=YJ2725G,2059606YJ2725G,2059606YJ2725G,ES.SDGC.BU,0.100000000000000,m,footPrint,1,1_residential,21,6, ,http://ovc.catastro.meh.es/OVCServWeb/OVCWcfLibres/OVCFotoFachada.svc/RecuperarFotoFachadaGet?ReferenciaCatastral=2059606YJ2725G,jpeg,NotOfficial,grossFloorArea,1168,m2,37.500000000000000,1151.238474530000076,43.171442794874999,5.940390528574800,57.822842428040580,180.705147425149562
919,ES.SDGC.BU.2059607YJ2725G,2020/12/18 00:00:00.000,functional,1991/01/01 00:00:00.000,1991/01/01 00:00:00.000, ,https://www1.sedecatastro.gob.es/CYCBienInmueble/OVCListaBienes.aspx?rc1=2059607&rc2=YJ2725G,2059607YJ2725G,2059607YJ2725G,ES.SDGC.BU,0.100000000000000,m,footPrint,1,1_residential,1,1, ,http://ovc.catastro.meh.es/OVCServWeb/OVCWcfLibres/OVCFotoFachada.svc/RecuperarFotoFachadaGet?ReferenciaCatastral=2059607YJ2725G,jpeg,NotOfficial,grossFloorArea,321,m2,25.000000000000000,860.641937256000006,21.516048431399998,2.960608264160640,51.914460357248927,159.262526827687793
920,ES.SDGC.BU.2059608YJ2725G,2020/12/18 00:00:00.000,functional,1965/01/01 00:00:00.000,1965/01/01 00:00:00.000, ,https://www1.sedecatastro.gob.es/CYCBienInmueble/OVCListaBienes.aspx?rc1=2059608&rc2=YJ2725G,2059608YJ2725G,2059608YJ2725G,ES.SDGC.BU,0.100000000000000,m,footPrint,1,1_residential,12,10, ,http://ovc.catastro.meh.es/OVCServWeb/OVCWcfLibres/OVCFotoFachada.svc/RecuperarFotoFachadaGet?ReferenciaCatastral=2059608YJ2725G,jpeg,NotOfficial,grossFloorArea,1064,m2,137.500000000000000,1086.517614189999904,149.396171951124984,20.556913260474797,57.100322874100776,186.049246190036627
921,ES.SDGC.BU.2059609YJ2725G,2020/12/18 00:00:00.000,functional,1977/01/01 00:00:00.000,1977/01/01 00:00:00.000, ,https://www1.sedecatastro.gob.es/CYCBienInmueble/OVCListaBienes.aspx?rc1=2059609&rc2=YJ2725G,2059609YJ2725G,2059609YJ2725G,ES.SDGC.BU,0.100000000000000,m,footPrint,1,1_residential,28,24, ,http://ovc.catastro.meh.es/OVCServWeb/OVCWcfLibres/OVCFotoFachada.svc/RecuperarFotoFachadaGet?ReferenciaCatastral=2059609YJ2725G,jpeg,NotOfficial,grossFloorArea,4081,m2,556.250000000000000,1150.627542899999980,640.036570738124965,88.069032133565997,135.006173900222137,944.321112521949544
922,ES.SDGC.BU.2059610YJ2725G,2020/12/18 00:00:00.000,functional,1925/01/01 00:00:00.000,1925/01/01 00:00:00.000, ,https://www1.sedecatastro.gob.es/CYCBienInmueble/OVCListaBienes.aspx?rc1=2059610&rc2=YJ2725G,2059610YJ2725G,2059610YJ2725G,ES.SDGC.BU,0.100000000000000,m,footPrint,1,1_residential,1,1, ,http://ovc.catastro.meh.es/OVCServWeb/OVCWcfLibres/OVCFotoFachada.svc/RecuperarFotoFachadaGet?ReferenciaCatastral=2059610YJ2725G,jpeg,NotOfficial,grossFloorArea,398,m2,43.750000000000000,1264.108973910000032,55.304767608562500,7.609936022938200,88.036867877633469,230.888638967721874
923,ES.SDGC.BU.2059611YJ2725G,2021/03/11 00:00:00.000,declined,1925/01/01 00:00:00.000,2020/01/01 00:00:00.000, ,https://www1.sedecatastro.gob.es/CYCBienInmueble/OVCListaBienes.aspx?rc1=2059611&rc2=YJ2725G,2059611YJ2725G,2059611YJ2725G,ES.SDGC.BU,0.100000000000000,m,footPrint,1,1_residential,1,1, ,http://ovc.catastro.meh.es/OVCServWeb/OVCWcfLibres/OVCFotoFachada.svc/RecuperarFotoFachadaGet?ReferenciaCatastral=2059611YJ2725G,jpeg,NotOfficial,grossFloorArea,313,m2,56.250000000000000,1047.450249570000096,58.919076538312503,8.107264931671802,43.179437638188823,109.038845179932423
924,ES.SDGC.BU.2059612YJ2725G,2020/12/18 00:00:00.000,declined,1925/01/01 00:00:00.000,1925/01/01 00:00:00.000, ,https://www1.sedecatastro.gob.es/CYCBienInmueble/OVCListaBienes.aspx?rc1=2059612&rc2=YJ2725G,2059612YJ2725G,2059612YJ2725G,ES.SDGC.BU,0.100000000000000,m,footPrint,1,1_residential,1,1, ,http://ovc.catastro.meh.es/OVCServWeb/OVCWcfLibres/OVCFotoFachada.svc/RecuperarFotoFachadaGet?ReferenciaCatastral=2059612YJ2725G,jpeg,NotOfficial,grossFloorArea,182,m2,50.000000000000000,1101.599952699999903,55.079997634999991,7.579007674575998,54.752296643407270,174.099046176734760
925,ES.SDGC.BU.2059613YJ2725G,2020/12/18 00:00:00.000,functional,1928/01/01 00:00:00.000,1928/01/01 00:00:00.000, ,https://www1.sedecatastro.gob.es/CYCBienInmueble/OVCListaBienes.aspx?rc1=2059613&rc2=YJ2725G,2059613YJ2725G,2059613YJ2725G,ES.SDGC.BU,0.100000000000000,m,footPrint,1,1_residential,1,1, ,http://ovc.catastro.meh.es/OVCServWeb/OVCWcfLibres/OVCFotoFachada.svc/RecuperarFotoFachadaGet?ReferenciaCatastral=2059613YJ2725G,jpeg,NotOfficial,grossFloorArea,193,m2,100.000000000000000,1167.373996730000044,116.737399673000013,16.063066195004801,78.448057308176317,175.948720503262678
926,ES.SDGC.BU.2059614YJ2725G,2020/12/18 00:00:00.000,functional,1925/01/01 00:00:00.000,2003/01/01 00:00:00.000, ,https://www1.sedecatastro.gob.es/CYCBienInmueble/OVCListaBienes.aspx?rc1=2059614&rc2=YJ2725G,2059614YJ2725G,2059614YJ2725G,ES.SDGC.BU,0.100000000000000,m,footPrint,1,1_residential,1,1, ,http://ovc.catastro.meh.es/OVCServWeb/OVCWcfLibres/OVCFotoFachada.svc/RecuperarFotoFachadaGet?ReferenciaCatastral=2059614YJ2725G,jpeg,NotOfficial,grossFloorArea,249,m2,112.500000000000000,1119.615407309999910,125.956733322374987,17.331646505158798,56.580575807591131,152.654195608550282
927,ES.SDGC.BU.2059615YJ2725G,2020/12/18 00:00:00.000,functional,1927/01/01 00:00:00.000,1927/01/01 00:00:00.000, ,https://www1.sedecatastro.gob.es/CYCBienInmueble/OVCListaBienes.aspx?rc1=2059615&rc2=YJ2725G,2059615YJ2725G,2059615YJ2725G,ES.SDGC.BU,0.100000000000000,m,footPrint,1,1_residential,1,1, ,http://ovc.catastro.meh.es/OVCServWeb/OVCWcfLibres/OVCFotoFachada.svc/RecuperarFotoFachadaGet?ReferenciaCatastral=2059615YJ2725G,jpeg,NotOfficial,grossFloorArea,296,m2,106.250000000000000,1164.386614629999940,123.716077804437489,17.023332305890598,87.700788171593942,186.076223398056868
928,ES.SDGC.BU.2059616YJ2725G,2020/12/18 00:00:00.000,functional,1925/01/01 00:00:00.000,1925/01/01 00:00:00.000, ,https://www1.sedecatastro.gob.es/CYCBienInmueble/OVCListaBienes.aspx?rc1=2059616&rc2=YJ2725G,2059616YJ2725G,2059616YJ2725G,ES.SDGC.BU,0.100000000000000,m,footPrint,1,1_residential,1,1, ,http://ovc.catastro.meh.es/OVCServWeb/OVCWcfLibres/OVCFotoFachada.svc/RecuperarFotoFachadaGet?ReferenciaCatastral=2059616YJ2725G,jpeg,NotOfficial,grossFloorArea,155,m2,106.250000000000000,1067.217141540000057,113.391821288625010,15.602714609314802,73.946810381365040,171.916150002225663
929,ES.SDGC.BU.2059617YJ2725G,2020/12/18 00:00:00.000,functional,1924/01/01 00:00:00.000,1924/01/01 00:00:00.000, ,https://www1.sedecatastro.gob.es/CYCBienInmueble/OVCListaBienes.aspx?rc1=2059617&rc2=YJ2725G,2059617YJ2725G,2059617YJ2725G,ES.SDGC.BU,0.100000000000000,m,footPrint,1,1_residential,1,1, ,http://ovc.catastro.meh.es/OVCServWeb/OVCWcfLibres/OVCFotoFachada.svc/RecuperarFotoFachadaGet?ReferenciaCatastral=2059617YJ2725G,jpeg,NotOfficial,grossFloorArea,286,m2,162.500000000000000,1196.898019640000030,194.495928191500013,26.762639719150400,101.784975588678009,298.197249995522213
930,ES.SDGC.BU.2059619YJ2715H,2020/10/29 00:00:00.000,functional,1977/01/01 00:00:00.000,1977/01/01 00:00:00.000, ,https://www1.sedecatastro.gob.es/CYCBienInmueble/OVCListaBienes.aspx?rc1=2059619&rc2=YJ2715H,2059619YJ2715H,2059619YJ2715H,ES.SDGC.BU,0.100000000000000,m,footPrint,1,1_residential,18,15, ,http://ovc.catastro.meh.es/OVCServWeb/OVCWcfLibres/OVCFotoFachada.svc/RecuperarFotoFachadaGet?ReferenciaCatastral=2059619YJ2715H,jpeg,NotOfficial,grossFloorArea,2129,m2,193.750000000000000,1130.474237260000109,219.029383469125037,30.138443165351603,109.332093763339955,351.774924001481111
931,ES.SDGC.BU.2060301YJ2726A,2020/12/22 00:00:00.000,functional,2011/01/01 00:00:00.000,2011/01/01 00:00:00.000, ,https://www1.sedecatastro.gob.es/CYCBienInmueble/OVCListaBienes.aspx?rc1=2060301&rc2=YJ2726A,2060301YJ2726A,2060301YJ2726A,ES.SDGC.BU,0.100000000000000,m,footPrint,1,1_residential,25,17, ,http://ovc.catastro.meh.es/OVCServWeb/OVCWcfLibres/OVCFotoFachada.svc/RecuperarFotoFachadaGet?ReferenciaCatastral=2060301YJ2726A,jpeg,NotOfficial,grossFloorArea,2282,m2,100.000000000000000,1099.843387599999915,109.984338759999986,15.133845013375996,93.956493994277849,404.700983770530343
932,ES.SDGC.BU.2060302YJ2726A,2020/12/22 00:00:00.000,functional,1970/01/01 00:00:00.000,1970/01/01 00:00:00.000, ,https://www1.sedecatastro.gob.es/CYCBienInmueble/OVCListaBienes.aspx?rc1=2060302&rc2=YJ2726A,2060302YJ2726A,2060302YJ2726A,ES.SDGC.BU,0.100000000000000,m,footPrint,1,3_industrial,1,0, ,http://ovc.catastro.meh.es/OVCServWeb/OVCWcfLibres/OVCFotoFachada.svc/RecuperarFotoFachadaGet?ReferenciaCatastral=2060302YJ2726A,jpeg,NotOfficial,grossFloorArea,846,m2,350.000000000000000,1096.990901399999984,383.946815490000006,52.831081811423999,342.163736326377546,846.807592989307523
933,ES.SDGC.BU.2060303YJ2726A,2020/10/29 00:00:00.000,functional,1980/01/01 00:00:00.000,1980/01/01 00:00:00.000, ,https://www1.sedecatastro.gob.es/CYCBienInmueble/OVCListaBienes.aspx?rc1=2060303&rc2=YJ2726A,2060303YJ2726A,2060303YJ2726A,ES.SDGC.BU,0.100000000000000,m,footPrint,1,1_residential,25,24, ,http://ovc.catastro.meh.es/OVCServWeb/OVCWcfLibres/OVCFotoFachada.svc/RecuperarFotoFachadaGet?ReferenciaCatastral=2060303YJ2726A,jpeg,NotOfficial,grossFloorArea,3619,m2,356.250000000000000,1090.693764130000091,388.559653471312572,53.465808317652609,184.517573727320922,1311.754604982972751
934,ES.SDGC.BU.2060304YJ2726A,2020/12/22 00:00:00.000,functional,1972/01/01 00:00:00.000,1972/01/01 00:00:00.000, ,https://www1.sedecatastro.gob.es/CYCBienInmueble/OVCListaBienes.aspx?rc1=2060304&rc2=YJ2726A,2060304YJ2726A,2060304YJ2726A,ES.SDGC.BU,0.100000000000000,m,footPrint,1,1_residential,27,24, ,http://ovc.catastro.meh.es/OVCServWeb/OVCWcfLibres/OVCFotoFachada.svc/RecuperarFotoFachadaGet?ReferenciaCatastral=2060304YJ2726A,jpeg,NotOfficial,grossFloorArea,2601,m2,418.750000000000000,1103.528623669999888,462.102611161812433,63.585319295865389,100.876811470353658,563.575939996814100
935,ES.SDGC.BU.2060305YJ2726A,2020/10/29 00:00:00.000,functional,1982/01/01 00:00:00.000,1982/01/01 00:00:00.000, ,https://www1.sedecatastro.gob.es/CYCBienInmueble/OVCListaBienes.aspx?rc1=2060305&rc2=YJ2726A,2060305YJ2726A,2060305YJ2726A,ES.SDGC.BU,0.100000000000000,m,footPrint,1,1_residential,27,23, ,http://ovc.catastro.meh.es/OVCServWeb/OVCWcfLibres/OVCFotoFachada.svc/RecuperarFotoFachadaGet?ReferenciaCatastral=2060305YJ2726A,jpeg,NotOfficial,grossFloorArea,3282,m2,468.750000000000000,1188.259817710000107,556.996789551562529,76.642758242295002,126.484839071430315,679.686855008753923
936,ES.SDGC.BU.2060306YJ2726A,2020/12/22 00:00:00.000,functional,1994/01/01 00:00:00.000,1994/01/01 00:00:00.000, ,https://www1.sedecatastro.gob.es/CYCBienInmueble/OVCListaBienes.aspx?rc1=2060306&rc2=YJ2726A,2060306YJ2726A,2060306YJ2726A,ES.SDGC.BU,0.100000000000000,m,footPrint,1,1_residential,35,11, ,http://ovc.catastro.meh.es/OVCServWeb/OVCWcfLibres/OVCFotoFachada.svc/RecuperarFotoFachadaGet?ReferenciaCatastral=2060306YJ2726A,jpeg,NotOfficial,grossFloorArea,2309,m2,243.750000000000000,1126.024972769999977,274.468587112687487,37.766877586705803,95.757845164712748,497.782366489646336
937,ES.SDGC.BU.2060601YJ2726A,2020/12/18 00:00:00.000,functional,1920/01/01 00:00:00.000,1920/01/01 00:00:00.000, ,https://www1.sedecatastro.gob.es/CYCBienInmueble/OVCListaBienes.aspx?rc1=2060601&rc2=YJ2726A,2060601YJ2726A,2060601YJ2726A,ES.SDGC.BU,0.100000000000000,m,footPrint,1,1_residential,1,1, ,http://ovc.catastro.meh.es/OVCServWeb/OVCWcfLibres/OVCFotoFachada.svc/RecuperarFotoFachadaGet?ReferenciaCatastral=2060601YJ2726A,jpeg,NotOfficial,grossFloorArea,96,m2,56.250000000000000,930.482727050999983,52.339653396618750,7.201936307374740,55.773848974005915,95.953250010383314
938,ES.SDGC.BU.2060602YJ2726A,2020/12/18 00:00:00.000,functional,1921/01/01 00:00:00.000,1921/01/01 00:00:00.000, ,https://www1.sedecatastro.gob.es/CYCBienInmueble/OVCListaBienes.aspx?rc1=2060602&rc2=YJ2726A,2060602YJ2726A,2060602YJ2726A,ES.SDGC.BU,0.100000000000000,m,footPrint,1,1_residential,1,1, ,http://ovc.catastro.meh.es/OVCServWeb/OVCWcfLibres/OVCFotoFachada.svc/RecuperarFotoFachadaGet?ReferenciaCatastral=2060602YJ2726A,jpeg,NotOfficial,grossFloorArea,124,m2,18.750000000000000,964.282775879000042,18.080302047731248,2.487849561767820,58.364717064734528,123.850099994929138
939,ES.SDGC.BU.2060603YJ2726A,2020/12/18 00:00:00.000,functional,1975/01/01 00:00:00.000,1975/01/01 00:00:00.000, ,https://www1.sedecatastro.gob.es/CYCBienInmueble/OVCListaBienes.aspx?rc1=2060603&rc2=YJ2726A,2060603YJ2726A,2060603YJ2726A,ES.SDGC.BU,0.100000000000000,m,footPrint,1,1_residential,4,2, ,http://ovc.catastro.meh.es/OVCServWeb/OVCWcfLibres/OVCFotoFachada.svc/RecuperarFotoFachadaGet?ReferenciaCatastral=2060603YJ2726A,jpeg,NotOfficial,grossFloorArea,540,m2,56.250000000000000,1180.070359970000027,66.378957748312502,9.133744586167801,65.003187574048795,175.902149993994641
940,ES.SDGC.BU.2060604YJ2726A,2020/12/18 00:00:00.000,functional,1921/01/01 00:00:00.000,1921/01/01 00:00:00.000, ,https://www1.sedecatastro.gob.es/CYCBienInmueble/OVCListaBienes.aspx?rc1=2060604&rc2=YJ2726A,2060604YJ2726A,2060604YJ2726A,ES.SDGC.BU,0.100000000000000,m,footPrint,1,1_residential,1,1, ,http://ovc.catastro.meh.es/OVCServWeb/OVCWcfLibres/OVCFotoFachada.svc/RecuperarFotoFachadaGet?ReferenciaCatastral=2060604YJ2726A,jpeg,NotOfficial,grossFloorArea,94,m2,75.000000000000000,1052.829294840000102,78.962197113000002,10.865198322748800,39.614610769944328,94.374699997638544
941,ES.SDGC.BU.2060605YJ2726A,2020/12/18 00:00:00.000,functional,1958/01/01 00:00:00.000,1958/01/01 00:00:00.000, ,https://www1.sedecatastro.gob.es/CYCBienInmueble/OVCListaBienes.aspx?rc1=2060605&rc2=YJ2726A,2060605YJ2726A,2060605YJ2726A,ES.SDGC.BU,0.100000000000000,m,footPrint,1,1_residential,1,1, ,http://ovc.catastro.meh.es/OVCServWeb/OVCWcfLibres/OVCFotoFachada.svc/RecuperarFotoFachadaGet?ReferenciaCatastral=2060605YJ2726A,jpeg,NotOfficial,grossFloorArea,124,m2,68.750000000000000,1106.069691050000074,76.042291259687516,10.463419277333003,44.509482502118914,124.362650001362340
942,ES.SDGC.BU.2060606YJ2726A,2020/12/18 00:00:00.000,declined,1906/01/01 00:00:00.000,1906/01/01 00:00:00.000, ,https://www1.sedecatastro.gob.es/CYCBienInmueble/OVCListaBienes.aspx?rc1=2060606&rc2=YJ2726A,2060606YJ2726A,2060606YJ2726A,ES.SDGC.BU,0.100000000000000,m,footPrint,1,3_industrial,1,0, ,http://ovc.catastro.meh.es/OVCServWeb/OVCWcfLibres/OVCFotoFachada.svc/RecuperarFotoFachadaGet?ReferenciaCatastral=2060606YJ2726A,jpeg,NotOfficial,grossFloorArea,257,m2,125.000000000000000,1068.684695429999920,133.585586928749990,18.381376761395998,77.416711270831001,256.640900008709536
943,ES.SDGC.BU.2060607YJ2725G,2020/12/18 00:00:00.000,functional,1973/01/01 00:00:00.000,1973/01/01 00:00:00.000, ,https://www1.sedecatastro.gob.es/CYCBienInmueble/OVCListaBienes.aspx?rc1=2060607&rc2=YJ2725G,2060607YJ2725G,2060607YJ2725G,ES.SDGC.BU,0.100000000000000,m,footPrint,1,1_residential,13,12, ,http://ovc.catastro.meh.es/OVCServWeb/OVCWcfLibres/OVCFotoFachada.svc/RecuperarFotoFachadaGet?ReferenciaCatastral=2060607YJ2725G,jpeg,NotOfficial,grossFloorArea,1355,m2,150.000000000000000,1199.092974339999955,179.863946150999993,24.749278990377597,68.910145602496627,284.987049988355295
944,ES.SDGC.BU.2060608YJ2725G,2020/12/18 00:00:00.000,functional,2000/01/01 00:00:00.000,2000/01/01 00:00:00.000, ,https://www1.sedecatastro.gob.es/CYCBienInmueble/OVCListaBienes.aspx?rc1=2060608&rc2=YJ2725G,2060608YJ2725G,2060608YJ2725G,ES.SDGC.BU,0.100000000000000,m,footPrint,1,1_residential,6,4, ,http://ovc.catastro.meh.es/OVCServWeb/OVCWcfLibres/OVCFotoFachada.svc/RecuperarFotoFachadaGet?ReferenciaCatastral=2060608YJ2725G,jpeg,NotOfficial,grossFloorArea,893,m2,62.500000000000000,1149.879241939999929,71.867452621249996,9.888961480683999,63.694320709838252,184.376500004831712
945,ES.SDGC.BU.2060609YJ2726A,2020/12/18 00:00:00.000,ruin,1922/01/01 00:00:00.000,1922/01/01 00:00:00.000, ,https://www1.sedecatastro.gob.es/CYCBienInmueble/OVCListaBienes.aspx?rc1=2060609&rc2=YJ2726A,2060609YJ2726A,2060609YJ2726A,ES.SDGC.BU,0.100000000000000,m,footPrint,1,1_residential,1,1, ,http://ovc.catastro.meh.es/OVCServWeb/OVCWcfLibres/OVCFotoFachada.svc/RecuperarFotoFachadaGet?ReferenciaCatastral=2060609YJ2726A,jpeg,NotOfficial,grossFloorArea,127,m2,6.250000000000000,822.600036620999958,5.141250228881249,0.707436031494060,66.512304103782668,126.895349993544258
946,ES.SDGC.BU.2060610YJ2726A,2020/12/18 00:00:00.000,functional,1929/01/01 00:00:00.000,1929/01/01 00:00:00.000, ,https://www1.sedecatastro.gob.es/CYCBienInmueble/OVCListaBienes.aspx?rc1=2060610&rc2=YJ2726A,2060610YJ2726A,2060610YJ2726A,ES.SDGC.BU,0.100000000000000,m,footPrint,1,1_residential,1,1, ,http://ovc.catastro.meh.es/OVCServWeb/OVCWcfLibres/OVCFotoFachada.svc/RecuperarFotoFachadaGet?ReferenciaCatastral=2060610YJ2726A,jpeg,NotOfficial,grossFloorArea,160,m2,50.000000000000000,1035.549430849999908,51.777471542499995,7.124580084248000,75.207524345300683,159.271650003539776
947,ES.SDGC.BU.2060611YJ2726A,2020/12/18 00:00:00.000,functional,1923/01/01 00:00:00.000,1923/01/01 00:00:00.000, ,https://www1.sedecatastro.gob.es/CYCBienInmueble/OVCListaBienes.aspx?rc1=2060611&rc2=YJ2726A,2060611YJ2726A,2060611YJ2726A,ES.SDGC.BU,0.100000000000000,m,footPrint,1,1_residential,1,1, ,http://ovc.catastro.meh.es/OVCServWeb/OVCWcfLibres/OVCFotoFachada.svc/RecuperarFotoFachadaGet?ReferenciaCatastral=2060611YJ2726A,jpeg,NotOfficial,grossFloorArea,63,m2,62.500000000000000,962.379144287000031,60.148696517937502,8.276460640868201,38.367650662340175,63.338649999566748
948,ES.SDGC.BU.2060613YJ2726A,2020/12/18 00:00:00.000,functional,1988/01/01 00:00:00.000,1988/01/01 00:00:00.000, ,https://www1.sedecatastro.gob.es/CYCBienInmueble/OVCListaBienes.aspx?rc1=2060613&rc2=YJ2726A,2060613YJ2726A,2060613YJ2726A,ES.SDGC.BU,0.100000000000000,m,footPrint,1,3_industrial,96,1, ,http://ovc.catastro.meh.es/OVCServWeb/OVCWcfLibres/OVCFotoFachada.svc/RecuperarFotoFachadaGet?ReferenciaCatastral=2060613YJ2726A,jpeg,NotOfficial,grossFloorArea,3535,m2,300.000000000000000,1142.822067260000040,342.846620178000023,47.175694936492803,87.469594880652309,467.620200005858408
949,ES.SDGC.BU.2061801YJ2726A,2001/11/19 00:00:00.000,declined,1900/01/01 00:00:00.000,1900/01/01 00:00:00.000, ,https://www1.sedecatastro.gob.es/CYCBienInmueble/OVCListaBienes.aspx?rc1=2061801&rc2=YJ2726A,2061801YJ2726A,2061801YJ2726A,ES.SDGC.BU,0.100000000000000,m,footPrint,1,3_industrial,1,0, ,http://ovc.catastro.meh.es/OVCServWeb/OVCWcfLibres/OVCFotoFachada.svc/RecuperarFotoFachadaGet?ReferenciaCatastral=2061801YJ2726A,jpeg,NotOfficial,grossFloorArea,85,m2,18.750000000000000,1026.178710939999974,19.240850830125002,2.647541074225201,39.570759786045549,85.218599998125441
950,ES.SDGC.BU.2061802YJ2726A,2016/08/10 00:00:00.000,functional,1918/01/01 00:00:00.000,1918/01/01 00:00:00.000, ,https://www1.sedecatastro.gob.es/CYCBienInmueble/OVCListaBienes.aspx?rc1=2061802&rc2=YJ2726A,2061802YJ2726A,2061802YJ2726A,ES.SDGC.BU,0.100000000000000,m,footPrint,1,1_residential,1,1, ,http://ovc.catastro.meh.es/OVCServWeb/OVCWcfLibres/OVCFotoFachada.svc/RecuperarFotoFachadaGet?ReferenciaCatastral=2061802YJ2726A,jpeg,NotOfficial,grossFloorArea,117,m2,50.000000000000000,1024.145797729999913,51.207289886499993,7.046123088382400,47.930895505247726,116.781191634951369
951,ES.SDGC.BU.2061803YJ2726A,2001/11/19 00:00:00.000,functional,1918/01/01 00:00:00.000,1918/01/01 00:00:00.000, ,https://www1.sedecatastro.gob.es/CYCBienInmueble/OVCListaBienes.aspx?rc1=2061803&rc2=YJ2726A,2061803YJ2726A,2061803YJ2726A,ES.SDGC.BU,0.100000000000000,m,footPrint,1,1_residential,1,1, ,http://ovc.catastro.meh.es/OVCServWeb/OVCWcfLibres/OVCFotoFachada.svc/RecuperarFotoFachadaGet?ReferenciaCatastral=2061803YJ2726A,jpeg,NotOfficial,grossFloorArea,141,m2,31.250000000000000,877.791271972999994,27.430977249156250,3.774502469483900,66.189929163572018,141.098849998090969
952,ES.SDGC.BU.2061804YJ2726A,2008/04/17 00:00:00.000,functional,1974/01/01 00:00:00.000,1974/01/01 00:00:00.000, ,https://www1.sedecatastro.gob.es/CYCBienInmueble/OVCListaBienes.aspx?rc1=2061804&rc2=YJ2726A,2061804YJ2726A,2061804YJ2726A,ES.SDGC.BU,0.100000000000000,m,footPrint,1,1_residential,20,16, ,http://ovc.catastro.meh.es/OVCServWeb/OVCWcfLibres/OVCFotoFachada.svc/RecuperarFotoFachadaGet?ReferenciaCatastral=2061804YJ2726A,jpeg,NotOfficial,grossFloorArea,1949,m2,218.750000000000000,1193.408897179999940,261.058196258125008,35.921607805118001,81.352607453050979,412.082417505532021
953,ES.SDGC.BU.2061805YJ2726A,2001/11/19 00:00:00.000,functional,1923/01/01 00:00:00.000,1923/01/01 00:00:00.000, ,https://www1.sedecatastro.gob.es/CYCBienInmueble/OVCListaBienes.aspx?rc1=2061805&rc2=YJ2726A,2061805YJ2726A,2061805YJ2726A,ES.SDGC.BU,0.100000000000000,m,footPrint,1,1_residential,1,1, ,http://ovc.catastro.meh.es/OVCServWeb/OVCWcfLibres/OVCFotoFachada.svc/RecuperarFotoFachadaGet?ReferenciaCatastral=2061805YJ2726A,jpeg,NotOfficial,grossFloorArea,90,m2,12.500000000000000,914.616760254000042,11.432709503175001,1.573140827636880,56.593023262943312,89.226732485446533
954,ES.SDGC.BU.2061806YJ2726A,2001/11/19 00:00:00.000,functional,1923/01/01 00:00:00.000,1923/01/01 00:00:00.000, ,https://www1.sedecatastro.gob.es/CYCBienInmueble/OVCListaBienes.aspx?rc1=2061806&rc2=YJ2726A,2061806YJ2726A,2061806YJ2726A,ES.SDGC.BU,0.100000000000000,m,footPrint,1,1_residential,1,1, ,http://ovc.catastro.meh.es/OVCServWeb/OVCWcfLibres/OVCFotoFachada.svc/RecuperarFotoFachadaGet?ReferenciaCatastral=2061806YJ2726A,jpeg,NotOfficial,grossFloorArea,132,m2,93.750000000000000,1039.862919109999893,97.487148666562490,13.414231656518998,74.253278296307244,132.413300002213361
955,ES.SDGC.BU.2061807YJ2726A,2001/11/19 00:00:00.000,functional,1924/01/01 00:00:00.000,1924/01/01 00:00:00.000, ,https://www1.sedecatastro.gob.es/CYCBienInmueble/OVCListaBienes.aspx?rc1=2061807&rc2=YJ2726A,2061807YJ2726A,2061807YJ2726A,ES.SDGC.BU,0.100000000000000,m,footPrint,1,1_residential,1,1, ,http://ovc.catastro.meh.es/OVCServWeb/OVCWcfLibres/OVCFotoFachada.svc/RecuperarFotoFachadaGet?ReferenciaCatastral=2061807YJ2726A,jpeg,NotOfficial,grossFloorArea,120,m2,87.500000000000000,1075.118835450000006,94.072898101875012,12.944430778818001,68.194117297595454,119.972944990562567
956,ES.SDGC.BU.2061808YJ2726A,2001/11/19 00:00:00.000,functional,1924/01/01 00:00:00.000,1924/01/01 00:00:00.000, ,https://www1.sedecatastro.gob.es/CYCBienInmueble/OVCListaBienes.aspx?rc1=2061808&rc2=YJ2726A,2061808YJ2726A,2061808YJ2726A,ES.SDGC.BU,0.100000000000000,m,footPrint,1,4_2_retail,1,0, ,http://ovc.catastro.meh.es/OVCServWeb/OVCWcfLibres/OVCFotoFachada.svc/RecuperarFotoFachadaGet?ReferenciaCatastral=2061808YJ2726A,jpeg,NotOfficial,grossFloorArea,74,m2,43.750000000000000,1160.413330079999923,50.768083190999995,6.985688247081598,35.813025250574199,73.735700002106086
957,ES.SDGC.BU.2061811YJ2726A,2001/11/19 00:00:00.000,functional,1924/01/01 00:00:00.000,1924/01/01 00:00:00.000, ,https://www1.sedecatastro.gob.es/CYCBienInmueble/OVCListaBienes.aspx?rc1=2061811&rc2=YJ2726A,2061811YJ2726A,2061811YJ2726A,ES.SDGC.BU,0.100000000000000,m,footPrint,1,1_residential,1,1, ,http://ovc.catastro.meh.es/OVCServWeb/OVCWcfLibres/OVCFotoFachada.svc/RecuperarFotoFachadaGet?ReferenciaCatastral=2061811YJ2726A,jpeg,NotOfficial,grossFloorArea,111,m2,6.250000000000000,842.928894043000014,5.268305587768750,0.724918848876980,29.188814934606274,39.902080659552965
958,ES.SDGC.BU.2061812YJ2726A,2001/11/19 00:00:00.000,functional,1923/01/01 00:00:00.000,1923/01/01 00:00:00.000, ,https://www1.sedecatastro.gob.es/CYCBienInmueble/OVCListaBienes.aspx?rc1=2061812&rc2=YJ2726A,2061812YJ2726A,2061812YJ2726A,ES.SDGC.BU,0.100000000000000,m,footPrint,1,1_residential,1,1, ,http://ovc.catastro.meh.es/OVCServWeb/OVCWcfLibres/OVCFotoFachada.svc/RecuperarFotoFachadaGet?ReferenciaCatastral=2061812YJ2726A,jpeg,NotOfficial,grossFloorArea,80,m2,50.000000000000000,898.660453795999956,44.933022689799998,6.182783922116480,53.165005214324040,79.814440016091751
959,ES.SDGC.BU.2061813YJ2726A,2001/11/19 00:00:00.000,functional,1923/01/01 00:00:00.000,1923/01/01 00:00:00.000, ,https://www1.sedecatastro.gob.es/CYCBienInmueble/OVCListaBienes.aspx?rc1=2061813&rc2=YJ2726A,2061813YJ2726A,2061813YJ2726A,ES.SDGC.BU,0.100000000000000,m,footPrint,1,1_residential,1,1, ,http://ovc.catastro.meh.es/OVCServWeb/OVCWcfLibres/OVCFotoFachada.svc/RecuperarFotoFachadaGet?ReferenciaCatastral=2061813YJ2726A,jpeg,NotOfficial,grossFloorArea,162,m2,37.500000000000000,1021.926778160000026,38.322254181000005,5.273142175305600,61.114252390105662,137.763150006746315
960,ES.SDGC.BU.2061814YJ2726A,2007/03/08 00:00:00.000,functional,2006/01/01 00:00:00.000,2006/01/01 00:00:00.000, ,https://www1.sedecatastro.gob.es/CYCBienInmueble/OVCListaBienes.aspx?rc1=2061814&rc2=YJ2726A,2061814YJ2726A,2061814YJ2726A,ES.SDGC.BU,0.100000000000000,m,footPrint,1,1_residential,5,4, ,http://ovc.catastro.meh.es/OVCServWeb/OVCWcfLibres/OVCFotoFachada.svc/RecuperarFotoFachadaGet?ReferenciaCatastral=2061814YJ2726A,jpeg,NotOfficial,grossFloorArea,860,m2,81.250000000000000,1190.357360839999956,96.716535568249995,13.308195294191199,60.062235353420249,205.605661497218847
961,ES.SDGC.BU.2153707YJ2725C,2020/12/18 00:00:00.000,functional,1924/01/01 00:00:00.000,1924/01/01 00:00:00.000, ,https://www1.sedecatastro.gob.es/CYCBienInmueble/OVCListaBienes.aspx?rc1=2153707&rc2=YJ2725C,2153707YJ2725C,2153707YJ2725C,ES.SDGC.BU,0.100000000000000,m,footPrint,1,1_residential,1,1, ,http://ovc.catastro.meh.es/OVCServWeb/OVCWcfLibres/OVCFotoFachada.svc/RecuperarFotoFachadaGet?ReferenciaCatastral=2153707YJ2725C,jpeg,NotOfficial,grossFloorArea,363,m2,87.500000000000000,1127.849225729999944,98.686807251375001,13.579304677789201,30.639210070940738,59.558240108107299
962,ES.SDGC.BU.2153708YJ2725C,2020/12/18 00:00:00.000,functional,1924/01/01 00:00:00.000,1924/01/01 00:00:00.000, ,https://www1.sedecatastro.gob.es/CYCBienInmueble/OVCListaBienes.aspx?rc1=2153708&rc2=YJ2725C,2153708YJ2725C,2153708YJ2725C,ES.SDGC.BU,0.100000000000000,m,footPrint,1,1_residential,1,1, ,http://ovc.catastro.meh.es/OVCServWeb/OVCWcfLibres/OVCFotoFachada.svc/RecuperarFotoFachadaGet?ReferenciaCatastral=2153708YJ2725C,jpeg,NotOfficial,grossFloorArea,269,m2,81.250000000000000,1102.451908989999993,89.574217605437497,12.325412342508200,31.582119923167362,61.997450101503190
963,ES.SDGC.BU.2153709YJ2725C,2020/10/29 00:00:00.000,functional,1928/01/01 00:00:00.000,1928/01/01 00:00:00.000, ,https://www1.sedecatastro.gob.es/CYCBienInmueble/OVCListaBienes.aspx?rc1=2153709&rc2=YJ2725C,2153709YJ2725C,2153709YJ2725C,ES.SDGC.BU,0.100000000000000,m,footPrint,1,1_residential,1,1, ,http://ovc.catastro.meh.es/OVCServWeb/OVCWcfLibres/OVCFotoFachada.svc/RecuperarFotoFachadaGet?ReferenciaCatastral=2153709YJ2725C,jpeg,NotOfficial,grossFloorArea,152,m2,87.500000000000000,1138.850969589999977,99.649459839125001,13.711765673863599,29.319703050087206,48.620811525373369
964,ES.SDGC.BU.2153710YJ2725C,2020/12/18 00:00:00.000,declined,1928/01/01 00:00:00.000,1928/01/01 00:00:00.000, ,https://www1.sedecatastro.gob.es/CYCBienInmueble/OVCListaBienes.aspx?rc1=2153710&rc2=YJ2725C,2153710YJ2725C,2153710YJ2725C,ES.SDGC.BU,0.100000000000000,m,footPrint,1,1_residential,1,1, ,http://ovc.catastro.meh.es/OVCServWeb/OVCWcfLibres/OVCFotoFachada.svc/RecuperarFotoFachadaGet?ReferenciaCatastral=2153710YJ2725C,jpeg,NotOfficial,grossFloorArea,144,m2,37.500000000000000,1066.657084149999946,39.999640655625001,5.503950554214001,29.567122821004748,54.451681551396298
965,ES.SDGC.BU.2156830YJ2725E,2020/12/18 00:00:00.000,functional,1920/01/01 00:00:00.000,2009/01/01 00:00:00.000, ,https://www1.sedecatastro.gob.es/CYCBienInmueble/OVCListaBienes.aspx?rc1=2156830&rc2=YJ2725E,2156830YJ2725E,2156830YJ2725E,ES.SDGC.BU,0.100000000000000,m,footPrint,1,1_residential,1,1, ,http://ovc.catastro.meh.es/OVCServWeb/OVCWcfLibres/OVCFotoFachada.svc/RecuperarFotoFachadaGet?ReferenciaCatastral=2156830YJ2725E,jpeg,NotOfficial,grossFloorArea,407,m2,131.250000000000000,1199.761477519999971,157.468693924500002,21.667692284011199,21.366663600120944,10.153453453429840
966,ES.SDGC.BU.2156831YJ2725E,2020/12/18 00:00:00.000,functional,1925/01/01 00:00:00.000,1925/01/01 00:00:00.000, ,https://www1.sedecatastro.gob.es/CYCBienInmueble/OVCListaBienes.aspx?rc1=2156831&rc2=YJ2725E,2156831YJ2725E,2156831YJ2725E,ES.SDGC.BU,0.100000000000000,m,footPrint,1,1_residential,2,2, ,http://ovc.catastro.meh.es/OVCServWeb/OVCWcfLibres/OVCFotoFachada.svc/RecuperarFotoFachadaGet?ReferenciaCatastral=2156831YJ2725E,jpeg,NotOfficial,grossFloorArea,370,m2,156.250000000000000,1116.828117680000105,174.504393387500016,24.011804530120003,20.768059809987093,9.829174391290000
967,ES.SDGC.BU.2156832YJ2725E,2020/12/18 00:00:00.000,functional,1929/01/01 00:00:00.000,1929/01/01 00:00:00.000, ,https://www1.sedecatastro.gob.es/CYCBienInmueble/OVCListaBienes.aspx?rc1=2156832&rc2=YJ2725E,2156832YJ2725E,2156832YJ2725E,ES.SDGC.BU,0.100000000000000,m,footPrint,1,1_residential,1,1, ,http://ovc.catastro.meh.es/OVCServWeb/OVCWcfLibres/OVCFotoFachada.svc/RecuperarFotoFachadaGet?ReferenciaCatastral=2156832YJ2725E,jpeg,NotOfficial,grossFloorArea,244,m2,118.750000000000000,1076.379442720000043,127.820058822999997,17.588040094044800,20.655696056788877,9.770065677561293
968,ES.SDGC.BU.2156833YJ2725E,2020/12/18 00:00:00.000,functional,1928/01/01 00:00:00.000,2003/01/01 00:00:00.000, ,https://www1.sedecatastro.gob.es/CYCBienInmueble/OVCListaBienes.aspx?rc1=2156833&rc2=YJ2725E,2156833YJ2725E,2156833YJ2725E,ES.SDGC.BU,0.100000000000000,m,footPrint,1,1_residential,1,1, ,http://ovc.catastro.meh.es/OVCServWeb/OVCWcfLibres/OVCFotoFachada.svc/RecuperarFotoFachadaGet?ReferenciaCatastral=2156833YJ2725E,jpeg,NotOfficial,grossFloorArea,354,m2,137.500000000000000,1041.314541899999995,143.180749511250013,19.701671132748000,22.349188432636311,10.649752848827186
969,ES.SDGC.BU.2156834YJ2725E,2020/12/18 00:00:00.000,functional,1927/01/01 00:00:00.000,1927/01/01 00:00:00.000, ,https://www1.sedecatastro.gob.es/CYCBienInmueble/OVCListaBienes.aspx?rc1=2156834&rc2=YJ2725E,2156834YJ2725E,2156834YJ2725E,ES.SDGC.BU,0.100000000000000,m,footPrint,1,1_residential,1,1, ,http://ovc.catastro.meh.es/OVCServWeb/OVCWcfLibres/OVCFotoFachada.svc/RecuperarFotoFachadaGet?ReferenciaCatastral=2156834YJ2725E,jpeg,NotOfficial,grossFloorArea,275,m2,100.000000000000000,1143.891750340000044,114.389175034000004,15.739950484678401,17.827436252279082,5.213266129740821
970,ES.SDGC.BU.2157901YJ2725G,2020/12/18 00:00:00.000,functional,1951/01/01 00:00:00.000,2000/01/01 00:00:00.000, ,https://www1.sedecatastro.gob.es/CYCBienInmueble/OVCListaBienes.aspx?rc1=2157901&rc2=YJ2725G,2157901YJ2725G,2157901YJ2725G,ES.SDGC.BU,0.100000000000000,m,footPrint,1,1_residential,1,1, ,http://ovc.catastro.meh.es/OVCServWeb/OVCWcfLibres/OVCFotoFachada.svc/RecuperarFotoFachadaGet?ReferenciaCatastral=2157901YJ2725G,jpeg,NotOfficial,grossFloorArea,259,m2,50.000000000000000,1169.327835080000114,58.466391754000007,8.044975505350402,100.586759706532987,171.941285122053728
971,ES.SDGC.BU.2157905YJ2725G,2020/12/18 00:00:00.000,functional,1889/01/01 00:00:00.000,1889/01/01 00:00:00.000, ,https://www1.sedecatastro.gob.es/CYCBienInmueble/OVCListaBienes.aspx?rc1=2157905&rc2=YJ2725G,2157905YJ2725G,2157905YJ2725G,ES.SDGC.BU,0.100000000000000,m,footPrint,1,1_residential,1,1, ,http://ovc.catastro.meh.es/OVCServWeb/OVCWcfLibres/OVCFotoFachada.svc/RecuperarFotoFachadaGet?ReferenciaCatastral=2157905YJ2725G,jpeg,NotOfficial,grossFloorArea,302,m2,162.500000000000000,1155.419684779999898,187.755698776749995,25.835184151680799,71.547670209837648,204.837568387649327
972,ES.SDGC.BU.2157906YJ2725E,2020/12/18 00:00:00.000,functional,1889/01/01 00:00:00.000,1889/01/01 00:00:00.000, ,https://www1.sedecatastro.gob.es/CYCBienInmueble/OVCListaBienes.aspx?rc1=2157906&rc2=YJ2725E,2157906YJ2725E,2157906YJ2725E,ES.SDGC.BU,0.100000000000000,m,footPrint,1,1_residential,1,1, ,http://ovc.catastro.meh.es/OVCServWeb/OVCWcfLibres/OVCFotoFachada.svc/RecuperarFotoFachadaGet?ReferenciaCatastral=2157906YJ2725E,jpeg,NotOfficial,grossFloorArea,120,m2,62.500000000000000,1149.705627439999944,71.856601714999996,9.887468395984000,48.455402621285593,120.648863003718276
973,ES.SDGC.BU.2157907YJ2725E,2020/12/18 00:00:00.000,functional,1908/01/01 00:00:00.000,1908/01/01 00:00:00.000, ,https://www1.sedecatastro.gob.es/CYCBienInmueble/OVCListaBienes.aspx?rc1=2157907&rc2=YJ2725E,2157907YJ2725E,2157907YJ2725E,ES.SDGC.BU,0.100000000000000,m,footPrint,1,1_residential,2,2, ,http://ovc.catastro.meh.es/OVCServWeb/OVCWcfLibres/OVCFotoFachada.svc/RecuperarFotoFachadaGet?ReferenciaCatastral=2157907YJ2725E,jpeg,NotOfficial,grossFloorArea,504,m2,206.250000000000000,1078.325043649999998,222.404540252812495,30.602864738786998,102.631387043731507,292.844706225666641
974,ES.SDGC.BU.2157926YJ2725G,2020/12/18 00:00:00.000,functional,1928/01/01 00:00:00.000,1928/01/01 00:00:00.000, ,https://www1.sedecatastro.gob.es/CYCBienInmueble/OVCListaBienes.aspx?rc1=2157926&rc2=YJ2725G,2157926YJ2725G,2157926YJ2725G,ES.SDGC.BU,0.100000000000000,m,footPrint,1,3_industrial,1,0, ,http://ovc.catastro.meh.es/OVCServWeb/OVCWcfLibres/OVCFotoFachada.svc/RecuperarFotoFachadaGet?ReferenciaCatastral=2157926YJ2725G,jpeg,NotOfficial,grossFloorArea,197,m2,87.500000000000000,1108.129193989999976,96.961304474125001,13.341875495639600,76.374779783819278,196.766635037575725
975,ES.SDGC.BU.2157927YJ2725G,2020/12/18 00:00:00.000,functional,1946/01/01 00:00:00.000,1946/01/01 00:00:00.000, ,https://www1.sedecatastro.gob.es/CYCBienInmueble/OVCListaBienes.aspx?rc1=2157927&rc2=YJ2725G,2157927YJ2725G,2157927YJ2725G,ES.SDGC.BU,0.100000000000000,m,footPrint,1,1_residential,5,5, ,http://ovc.catastro.meh.es/OVCServWeb/OVCWcfLibres/OVCFotoFachada.svc/RecuperarFotoFachadaGet?ReferenciaCatastral=2157927YJ2725G,jpeg,NotOfficial,grossFloorArea,554,m2,87.500000000000000,1143.875571110000010,100.089112472124995,13.772261876164400,75.085349985560455,198.636518000039786
976,ES.SDGC.BU.2157928YJ2725G,2020/12/18 00:00:00.000,functional,1952/01/01 00:00:00.000,1952/01/01 00:00:00.000, ,https://www1.sedecatastro.gob.es/CYCBienInmueble/OVCListaBienes.aspx?rc1=2157928&rc2=YJ2725G,2157928YJ2725G,2157928YJ2725G,ES.SDGC.BU,0.100000000000000,m,footPrint,1,4_1_office,1,0, ,http://ovc.catastro.meh.es/OVCServWeb/OVCWcfLibres/OVCFotoFachada.svc/RecuperarFotoFachadaGet?ReferenciaCatastral=2157928YJ2725G,jpeg,NotOfficial,grossFloorArea,302,m2,175.000000000000000,1181.344757079999908,206.735332489000001,28.446781750486398,76.230401058559664,252.605003491456671
977,ES.SDGC.BU.2157930YJ2725G,2020/12/18 00:00:00.000,functional,1952/01/01 00:00:00.000,1952/01/01 00:00:00.000, ,https://www1.sedecatastro.gob.es/CYCBienInmueble/OVCListaBienes.aspx?rc1=2157930&rc2=YJ2725G,2157930YJ2725G,2157930YJ2725G,ES.SDGC.BU,0.100000000000000,m,footPrint,1,1_residential,1,1, ,http://ovc.catastro.meh.es/OVCServWeb/OVCWcfLibres/OVCFotoFachada.svc/RecuperarFotoFachadaGet?ReferenciaCatastral=2157930YJ2725G,jpeg,NotOfficial,grossFloorArea,290,m2,106.250000000000000,1189.333409930000016,126.366674805062502,17.388054453176601,48.979591371031823,140.069750000937830
978,ES.SDGC.BU.2159901YJ2725G,2020/12/18 00:00:00.000,functional,1959/01/01 00:00:00.000,1959/01/01 00:00:00.000, ,https://www1.sedecatastro.gob.es/CYCBienInmueble/OVCListaBienes.aspx?rc1=2159901&rc2=YJ2725G,2159901YJ2725G,2159901YJ2725G,ES.SDGC.BU,0.100000000000000,m,footPrint,1,1_residential,37,32, ,http://ovc.catastro.meh.es/OVCServWeb/OVCWcfLibres/OVCFotoFachada.svc/RecuperarFotoFachadaGet?ReferenciaCatastral=2159901YJ2725G,jpeg,NotOfficial,grossFloorArea,3483,m2,475.000000000000000,1184.883541709999918,562.819682312249938,77.443988286165592,243.035055926506743,936.681890052017593
979,ES.SDGC.BU.2159902YJ2725G,2020/12/18 00:00:00.000,functional,1959/01/01 00:00:00.000,1959/01/01 00:00:00.000, ,https://www1.sedecatastro.gob.es/CYCBienInmueble/OVCListaBienes.aspx?rc1=2159902&rc2=YJ2725G,2159902YJ2725G,2159902YJ2725G,ES.SDGC.BU,0.100000000000000,m,footPrint,1,3_industrial,1,0, ,http://ovc.catastro.meh.es/OVCServWeb/OVCWcfLibres/OVCFotoFachada.svc/RecuperarFotoFachadaGet?ReferenciaCatastral=2159902YJ2725G,jpeg,NotOfficial,grossFloorArea,334,m2,175.000000000000000,930.276818412000011,162.798443222099991,22.401065787360960,138.335105068555009,334.414792521948641
980,ES.SDGC.BU.2159903YJ2725G,2020/12/18 00:00:00.000,functional,1972/01/01 00:00:00.000,1972/01/01 00:00:00.000, ,https://www1.sedecatastro.gob.es/CYCBienInmueble/OVCListaBienes.aspx?rc1=2159903&rc2=YJ2725G,2159903YJ2725G,2159903YJ2725G,ES.SDGC.BU,0.100000000000000,m,footPrint,1,1_residential,19,16, ,http://ovc.catastro.meh.es/OVCServWeb/OVCWcfLibres/OVCFotoFachada.svc/RecuperarFotoFachadaGet?ReferenciaCatastral=2159903YJ2725G,jpeg,NotOfficial,grossFloorArea,1587,m2,200.000000000000000,1184.760742189999974,236.952148437999995,32.604615625068796,78.587812395119059,384.624914002676348
981,ES.SDGC.BU.2159904YJ2725G,2020/12/18 00:00:00.000,functional,1972/01/01 00:00:00.000,1972/01/01 00:00:00.000, ,https://www1.sedecatastro.gob.es/CYCBienInmueble/OVCListaBienes.aspx?rc1=2159904&rc2=YJ2725G,2159904YJ2725G,2159904YJ2725G,ES.SDGC.BU,0.100000000000000,m,footPrint,1,3_industrial,1,0, ,http://ovc.catastro.meh.es/OVCServWeb/OVCWcfLibres/OVCFotoFachada.svc/RecuperarFotoFachadaGet?ReferenciaCatastral=2159904YJ2725G,jpeg,NotOfficial,grossFloorArea,422,m2,337.500000000000000,1044.228840020000007,352.427233506750042,48.493987330528810,83.436617485980108,422.141691001459719
982,ES.SDGC.BU.2159905YJ2725G,2020/12/18 00:00:00.000,functional,1961/01/01 00:00:00.000,1961/01/01 00:00:00.000, ,https://www1.sedecatastro.gob.es/CYCBienInmueble/OVCListaBienes.aspx?rc1=2159905&rc2=YJ2725G,2159905YJ2725G,2159905YJ2725G,ES.SDGC.BU,0.100000000000000,m,footPrint,1,1_residential,24,23, ,http://ovc.catastro.meh.es/OVCServWeb/OVCWcfLibres/OVCFotoFachada.svc/RecuperarFotoFachadaGet?ReferenciaCatastral=2159905YJ2725G,jpeg,NotOfficial,grossFloorArea,1659,m2,193.750000000000000,1200.855671540000003,232.665786360875018,32.014812203256405,87.308169505797338,275.061585503217032
983,ES.SDGC.BU.2159906YJ2725G,2020/12/18 00:00:00.000,functional,1940/01/01 00:00:00.000,1940/01/01 00:00:00.000, ,https://www1.sedecatastro.gob.es/CYCBienInmueble/OVCListaBienes.aspx?rc1=2159906&rc2=YJ2725G,2159906YJ2725G,2159906YJ2725G,ES.SDGC.BU,0.100000000000000,m,footPrint,1,3_industrial,1,0, ,http://ovc.catastro.meh.es/OVCServWeb/OVCWcfLibres/OVCFotoFachada.svc/RecuperarFotoFachadaGet?ReferenciaCatastral=2159906YJ2725G,jpeg,NotOfficial,grossFloorArea,91,m2,43.750000000000000,903.096112931999983,39.510454940774999,5.436638599850640,56.634049911711067,91.027903499747268
984,ES.SDGC.BU.2159907YJ2725G,2020/12/18 00:00:00.000,functional,1961/01/01 00:00:00.000,1961/01/01 00:00:00.000, ,https://www1.sedecatastro.gob.es/CYCBienInmueble/OVCListaBienes.aspx?rc1=2159907&rc2=YJ2725G,2159907YJ2725G,2159907YJ2725G,ES.SDGC.BU,0.100000000000000,m,footPrint,1,1_residential,18,17, ,http://ovc.catastro.meh.es/OVCServWeb/OVCWcfLibres/OVCFotoFachada.svc/RecuperarFotoFachadaGet?ReferenciaCatastral=2159907YJ2725G,jpeg,NotOfficial,grossFloorArea,1349,m2,150.000000000000000,1181.091639199999918,177.163745879999993,24.377731433087998,81.355088375564037,223.583810506257919
985,ES.SDGC.BU.2159908YJ2725G,2020/12/18 00:00:00.000,functional,1961/01/01 00:00:00.000,1961/01/01 00:00:00.000, ,https://www1.sedecatastro.gob.es/CYCBienInmueble/OVCListaBienes.aspx?rc1=2159908&rc2=YJ2725G,2159908YJ2725G,2159908YJ2725G,ES.SDGC.BU,0.100000000000000,m,footPrint,1,1_residential,24,24, ,http://ovc.catastro.meh.es/OVCServWeb/OVCWcfLibres/OVCFotoFachada.svc/RecuperarFotoFachadaGet?ReferenciaCatastral=2159908YJ2725G,jpeg,NotOfficial,grossFloorArea,1519,m2,187.500000000000000,1206.776920569999902,226.270672606874996,31.134844550706003,81.277276263867762,251.859398005499514
986,ES.SDGC.BU.2159909YJ2725G,2020/12/18 00:00:00.000,functional,1961/01/01 00:00:00.000,1961/01/01 00:00:00.000, ,https://www1.sedecatastro.gob.es/CYCBienInmueble/OVCListaBienes.aspx?rc1=2159909&rc2=YJ2725G,2159909YJ2725G,2159909YJ2725G,ES.SDGC.BU,0.100000000000000,m,footPrint,1,1_residential,24,21, ,http://ovc.catastro.meh.es/OVCServWeb/OVCWcfLibres/OVCFotoFachada.svc/RecuperarFotoFachadaGet?ReferenciaCatastral=2159909YJ2725G,jpeg,NotOfficial,grossFloorArea,1461,m2,181.250000000000000,1182.650378000000046,214.355381012500004,29.495300427320004,81.587315888884234,259.628270515141878
987,ES.SDGC.BU.2159910YJ2725G,2020/12/18 00:00:00.000,functional,1961/01/01 00:00:00.000,1961/01/01 00:00:00.000, ,https://www1.sedecatastro.gob.es/CYCBienInmueble/OVCListaBienes.aspx?rc1=2159910&rc2=YJ2725G,2159910YJ2725G,2159910YJ2725G,ES.SDGC.BU,0.100000000000000,m,footPrint,1,1_residential,18,16, ,http://ovc.catastro.meh.es/OVCServWeb/OVCWcfLibres/OVCFotoFachada.svc/RecuperarFotoFachadaGet?ReferenciaCatastral=2159910YJ2725G,jpeg,NotOfficial,grossFloorArea,1270,m2,150.000000000000000,1223.895894369999951,183.584384155499976,25.261211259796799,72.862949227335676,210.562518496308286
988,ES.SDGC.BU.2159911YJ2725G,2020/12/18 00:00:00.000,functional,1978/01/01 00:00:00.000,1995/01/01 00:00:00.000, ,https://www1.sedecatastro.gob.es/CYCBienInmueble/OVCListaBienes.aspx?rc1=2159911&rc2=YJ2725G,2159911YJ2725G,2159911YJ2725G,ES.SDGC.BU,0.100000000000000,m,footPrint,1,1_residential,118,60, ,http://ovc.catastro.meh.es/OVCServWeb/OVCWcfLibres/OVCFotoFachada.svc/RecuperarFotoFachadaGet?ReferenciaCatastral=2159911YJ2725G,jpeg,NotOfficial,grossFloorArea,8803,m2,675.000000000000000,1175.227992309999991,793.278894809250005,109.155175925752800,184.467548131576336,1611.755053918037675
989,ES.SDGC.BU.2159912YJ2725G,2020/12/18 00:00:00.000,functional,1982/01/01 00:00:00.000,1982/01/01 00:00:00.000, ,https://www1.sedecatastro.gob.es/CYCBienInmueble/OVCListaBienes.aspx?rc1=2159912&rc2=YJ2725G,2159912YJ2725G,2159912YJ2725G,ES.SDGC.BU,0.100000000000000,m,footPrint,1,1_residential,36,15, ,http://ovc.catastro.meh.es/OVCServWeb/OVCWcfLibres/OVCFotoFachada.svc/RecuperarFotoFachadaGet?ReferenciaCatastral=2159912YJ2725G,jpeg,NotOfficial,grossFloorArea,3724,m2,375.000000000000000,1087.484098310000036,407.806536866250042,56.114179472796003,125.211923968479454,836.411627520936804
990,ES.SDGC.BU.2159915YJ2725G,2020/12/18 00:00:00.000,functional,1993/01/01 00:00:00.000,1993/01/01 00:00:00.000, ,https://www1.sedecatastro.gob.es/CYCBienInmueble/OVCListaBienes.aspx?rc1=2159915&rc2=YJ2725G,2159915YJ2725G,2159915YJ2725G,ES.SDGC.BU,0.100000000000000,m,footPrint,1,1_residential,1,1, ,http://ovc.catastro.meh.es/OVCServWeb/OVCWcfLibres/OVCFotoFachada.svc/RecuperarFotoFachadaGet?ReferenciaCatastral=2159915YJ2725G,jpeg,NotOfficial,grossFloorArea,553,m2,100.000000000000000,1045.409214020000036,104.540921402000009,14.384830784915202,60.476281517126573,207.417304033129653
991,ES.SDGC.BU.2159916YJ2725G,2020/12/18 00:00:00.000,functional,1959/01/01 00:00:00.000,1959/01/01 00:00:00.000, ,https://www1.sedecatastro.gob.es/CYCBienInmueble/OVCListaBienes.aspx?rc1=2159916&rc2=YJ2725G,2159916YJ2725G,2159916YJ2725G,ES.SDGC.BU,0.100000000000000,m,footPrint,1,3_industrial,1,0, ,http://ovc.catastro.meh.es/OVCServWeb/OVCWcfLibres/OVCFotoFachada.svc/RecuperarFotoFachadaGet?ReferenciaCatastral=2159916YJ2725G,jpeg,NotOfficial,grossFloorArea,388,m2,287.500000000000000,1041.671143900000061,299.480453871250063,41.208510452684010,78.938303121605699,387.688554022585663
992,ES.SDGC.BU.2160301YJ2725G,2020/12/18 00:00:00.000,functional,1967/01/01 00:00:00.000,1967/01/01 00:00:00.000, ,https://www1.sedecatastro.gob.es/CYCBienInmueble/OVCListaBienes.aspx?rc1=2160301&rc2=YJ2725G,2160301YJ2725G,2160301YJ2725G,ES.SDGC.BU,0.100000000000000,m,footPrint,1,1_residential,54,52, ,http://ovc.catastro.meh.es/OVCServWeb/OVCWcfLibres/OVCFotoFachada.svc/RecuperarFotoFachadaGet?ReferenciaCatastral=2160301YJ2725G,jpeg,NotOfficial,grossFloorArea,4376,m2,593.750000000000000,1209.185593129999916,717.953945920937485,98.790462958720994,182.545517903306660,763.210800178654040
993,ES.SDGC.BU.2160701YJ2726A,2001/11/19 00:00:00.000,functional,1932/01/01 00:00:00.000,1932/01/01 00:00:00.000, ,https://www1.sedecatastro.gob.es/CYCBienInmueble/OVCListaBienes.aspx?rc1=2160701&rc2=YJ2726A,2160701YJ2726A,2160701YJ2726A,ES.SDGC.BU,0.100000000000000,m,footPrint,1,1_residential,4,4, ,http://ovc.catastro.meh.es/OVCServWeb/OVCWcfLibres/OVCFotoFachada.svc/RecuperarFotoFachadaGet?ReferenciaCatastral=2160701YJ2726A,jpeg,NotOfficial,grossFloorArea,373,m2,131.250000000000000,1217.442900159999908,159.789380645999984,21.987018776889599,74.309244872786209,198.955650015961766
994,ES.SDGC.BU.2160702YJ2726A,2001/11/19 00:00:00.000,functional,1932/01/01 00:00:00.000,1932/01/01 00:00:00.000, ,https://www1.sedecatastro.gob.es/CYCBienInmueble/OVCListaBienes.aspx?rc1=2160702&rc2=YJ2726A,2160702YJ2726A,2160702YJ2726A,ES.SDGC.BU,0.100000000000000,m,footPrint,1,1_residential,4,4, ,http://ovc.catastro.meh.es/OVCServWeb/OVCWcfLibres/OVCFotoFachada.svc/RecuperarFotoFachadaGet?ReferenciaCatastral=2160702YJ2726A,jpeg,NotOfficial,grossFloorArea,373,m2,168.750000000000000,1207.428123189999951,203.753495788312478,28.036481020471797,60.344861860560016,196.502499994630938
995,ES.SDGC.BU.2160703YJ2726A,2001/11/19 00:00:00.000,functional,1932/01/01 00:00:00.000,1932/01/01 00:00:00.000, ,https://www1.sedecatastro.gob.es/CYCBienInmueble/OVCListaBienes.aspx?rc1=2160703&rc2=YJ2726A,2160703YJ2726A,2160703YJ2726A,ES.SDGC.BU,0.100000000000000,m,footPrint,1,1_residential,4,3, ,http://ovc.catastro.meh.es/OVCServWeb/OVCWcfLibres/OVCFotoFachada.svc/RecuperarFotoFachadaGet?ReferenciaCatastral=2160703YJ2726A,jpeg,NotOfficial,grossFloorArea,415,m2,156.250000000000000,1123.615810550000106,175.564970398437509,24.157739926824998,101.436803605690287,254.436909989311971
996,ES.SDGC.BU.2160704YJ2726A,2001/11/19 00:00:00.000,functional,1999/01/01 00:00:00.000,1999/01/01 00:00:00.000, ,https://www1.sedecatastro.gob.es/CYCBienInmueble/OVCListaBienes.aspx?rc1=2160704&rc2=YJ2726A,2160704YJ2726A,2160704YJ2726A,ES.SDGC.BU,0.100000000000000,m,footPrint,1,1_residential,6,5, ,http://ovc.catastro.meh.es/OVCServWeb/OVCWcfLibres/OVCFotoFachada.svc/RecuperarFotoFachadaGet?ReferenciaCatastral=2160704YJ2726A,jpeg,NotOfficial,grossFloorArea,890,m2,106.250000000000000,1034.410357310000109,109.906100464187503,15.123079423872198,73.398044236708756,237.667430001418751
997,ES.SDGC.BU.2160705YJ2726A,2001/11/19 00:00:00.000,functional,1924/01/01 00:00:00.000,1924/01/01 00:00:00.000, ,https://www1.sedecatastro.gob.es/CYCBienInmueble/OVCListaBienes.aspx?rc1=2160705&rc2=YJ2726A,2160705YJ2726A,2160705YJ2726A,ES.SDGC.BU,0.100000000000000,m,footPrint,1,1_residential,1,0, ,http://ovc.catastro.meh.es/OVCServWeb/OVCWcfLibres/OVCFotoFachada.svc/RecuperarFotoFachadaGet?ReferenciaCatastral=2160705YJ2726A,jpeg,NotOfficial,grossFloorArea,50,m2,25.000000000000000,1020.266448970000056,25.506661224250003,3.509716584456801,28.957488870540992,49.808599997678400
998,ES.SDGC.BU.2160706YJ2726A,2001/11/19 00:00:00.000,functional,1926/01/01 00:00:00.000,1926/01/01 00:00:00.000, ,https://www1.sedecatastro.gob.es/CYCBienInmueble/OVCListaBienes.aspx?rc1=2160706&rc2=YJ2726A,2160706YJ2726A,2160706YJ2726A,ES.SDGC.BU,0.100000000000000,m,footPrint,1,1_residential,2,2, ,http://ovc.catastro.meh.es/OVCServWeb/OVCWcfLibres/OVCFotoFachada.svc/RecuperarFotoFachadaGet?ReferenciaCatastral=2160706YJ2726A,jpeg,NotOfficial,grossFloorArea,302,m2,81.250000000000000,1087.875436640000089,88.389879227000009,12.162447381635202,64.788000159843079,198.743004990525662
999,ES.SDGC.BU.2160707YJ2726A,2001/11/19 00:00:00.000,functional,1925/01/01 00:00:00.000,1925/01/01 00:00:00.000, ,https://www1.sedecatastro.gob.es/CYCBienInmueble/OVCListaBienes.aspx?rc1=2160707&rc2=YJ2726A,2160707YJ2726A,2160707YJ2726A,ES.SDGC.BU,0.100000000000000,m,footPrint,1,1_residential,1,1, ,http://ovc.catastro.meh.es/OVCServWeb/OVCWcfLibres/OVCFotoFachada.svc/RecuperarFotoFachadaGet?ReferenciaCatastral=2160707YJ2726A,jpeg,NotOfficial,grossFloorArea,99,m2,81.250000000000000,1146.102914659999897,93.120861816124986,12.813430585898798,54.659620782208222,98.455717506073441
1000,ES.SDGC.BU.2160708YJ2726A,2001/11/19 00:00:00.000,functional,1926/01/01 00:00:00.000,1926/01/01 00:00:00.000, ,https://www1.sedecatastro.gob.es/CYCBienInmueble/OVCListaBienes.aspx?rc1=2160708&rc2=YJ2726A,2160708YJ2726A,2160708YJ2726A,ES.SDGC.BU,0.100000000000000,m,footPrint,1,1_residential,1,1, ,http://ovc.catastro.meh.es/OVCServWeb/OVCWcfLibres/OVCFotoFachada.svc/RecuperarFotoFachadaGet?ReferenciaCatastral=2160708YJ2726A,jpeg,NotOfficial,grossFloorArea,85,m2,31.250000000000000,1163.216992189999928,36.350531005937498,5.001833066416999,37.076132780689782,56.960694436542504
1001,ES.SDGC.BU.2160709YJ2726A,2001/11/19 00:00:00.000,functional,1926/01/01 00:00:00.000,1926/01/01 00:00:00.000, ,https://www1.sedecatastro.gob.es/CYCBienInmueble/OVCListaBienes.aspx?rc1=2160709&rc2=YJ2726A,2160709YJ2726A,2160709YJ2726A,ES.SDGC.BU,0.100000000000000,m,footPrint,1,1_residential,1,1, ,http://ovc.catastro.meh.es/OVCServWeb/OVCWcfLibres/OVCFotoFachada.svc/RecuperarFotoFachadaGet?ReferenciaCatastral=2160709YJ2726A,jpeg,NotOfficial,grossFloorArea,59,m2,31.250000000000000,1145.265332030000081,35.789541625937503,4.924640927729000,31.360827908668536,32.886289059428641
1002,ES.SDGC.BU.2160710YJ2726A,2001/11/19 00:00:00.000,functional,1980/01/01 00:00:00.000,1980/01/01 00:00:00.000, ,https://www1.sedecatastro.gob.es/CYCBienInmueble/OVCListaBienes.aspx?rc1=2160710&rc2=YJ2726A,2160710YJ2726A,2160710YJ2726A,ES.SDGC.BU,0.100000000000000,m,footPrint,1,3_industrial,1,0, ,http://ovc.catastro.meh.es/OVCServWeb/OVCWcfLibres/OVCFotoFachada.svc/RecuperarFotoFachadaGet?ReferenciaCatastral=2160710YJ2726A,jpeg,NotOfficial,grossFloorArea,657,m2,131.250000000000000,1067.763369609999927,140.143942261312475,19.283806455156597,295.155604374766369,653.612779532538298
1003,ES.SDGC.BU.2160711YJ2726A,2008/04/17 00:00:00.000,functional,1966/01/01 00:00:00.000,1966/01/01 00:00:00.000, ,https://www1.sedecatastro.gob.es/CYCBienInmueble/OVCListaBienes.aspx?rc1=2160711&rc2=YJ2726A,2160711YJ2726A,2160711YJ2726A,ES.SDGC.BU,0.100000000000000,m,footPrint,1,1_residential,42,42, ,http://ovc.catastro.meh.es/OVCServWeb/OVCWcfLibres/OVCFotoFachada.svc/RecuperarFotoFachadaGet?ReferenciaCatastral=2160711YJ2726A,jpeg,NotOfficial,grossFloorArea,3138,m2,325.000000000000000,1235.836651139999958,401.646911620499964,55.266615038980802,164.905283163049688,531.594249991549191
1004,ES.SDGC.BU.2160712YJ2726A,2001/11/19 00:00:00.000,functional,1963/01/01 00:00:00.000,1963/01/01 00:00:00.000, ,https://www1.sedecatastro.gob.es/CYCBienInmueble/OVCListaBienes.aspx?rc1=2160712&rc2=YJ2726A,2160712YJ2726A,2160712YJ2726A,ES.SDGC.BU,0.100000000000000,m,footPrint,1,1_residential,22,20, ,http://ovc.catastro.meh.es/OVCServWeb/OVCWcfLibres/OVCFotoFachada.svc/RecuperarFotoFachadaGet?ReferenciaCatastral=2160712YJ2726A,jpeg,NotOfficial,grossFloorArea,1653,m2,156.250000000000000,1152.348347169999897,180.054429245312491,24.775489464155001,78.612696453304508,324.312272503072336
1005,ES.SDGC.BU.2160713YJ2726A,2001/11/19 00:00:00.000,functional,1963/01/01 00:00:00.000,1963/01/01 00:00:00.000, ,https://www1.sedecatastro.gob.es/CYCBienInmueble/OVCListaBienes.aspx?rc1=2160713&rc2=YJ2726A,2160713YJ2726A,2160713YJ2726A,ES.SDGC.BU,0.100000000000000,m,footPrint,1,1_residential,22,20, ,http://ovc.catastro.meh.es/OVCServWeb/OVCWcfLibres/OVCFotoFachada.svc/RecuperarFotoFachadaGet?ReferenciaCatastral=2160713YJ2726A,jpeg,NotOfficial,grossFloorArea,1537,m2,143.750000000000000,1201.918706480000083,172.775814056499996,23.773952014174398,82.092237254289003,295.376947504264535
1006,ES.SDGC.BU.2160714YJ2726A,2001/11/19 00:00:00.000,functional,1964/01/01 00:00:00.000,1964/01/01 00:00:00.000, ,https://www1.sedecatastro.gob.es/CYCBienInmueble/OVCListaBienes.aspx?rc1=2160714&rc2=YJ2726A,2160714YJ2726A,2160714YJ2726A,ES.SDGC.BU,0.100000000000000,m,footPrint,1,1_residential,22,20, ,http://ovc.catastro.meh.es/OVCServWeb/OVCWcfLibres/OVCFotoFachada.svc/RecuperarFotoFachadaGet?ReferenciaCatastral=2160714YJ2726A,jpeg,NotOfficial,grossFloorArea,1471,m2,137.500000000000000,1148.367351189999908,157.900510788624985,21.727110284514797,76.743192025870002,299.572849999844664
1007,ES.SDGC.BU.2160715YJ2725G,2001/11/19 00:00:00.000,functional,1964/01/01 00:00:00.000,1964/01/01 00:00:00.000, ,https://www1.sedecatastro.gob.es/CYCBienInmueble/OVCListaBienes.aspx?rc1=2160715&rc2=YJ2725G,2160715YJ2725G,2160715YJ2725G,ES.SDGC.BU,0.100000000000000,m,footPrint,1,1_residential,22,20, ,http://ovc.catastro.meh.es/OVCServWeb/OVCWcfLibres/OVCFotoFachada.svc/RecuperarFotoFachadaGet?ReferenciaCatastral=2160715YJ2725G,jpeg,NotOfficial,grossFloorArea,1426,m2,156.250000000000000,1173.570317380000006,183.370362090625008,25.231761823670002,81.620070919573209,284.324149984368489
1008,ES.SDGC.BU.2160716YJ2725G,2008/04/17 00:00:00.000,functional,1964/01/01 00:00:00.000,1964/01/01 00:00:00.000, ,https://www1.sedecatastro.gob.es/CYCBienInmueble/OVCListaBienes.aspx?rc1=2160716&rc2=YJ2725G,2160716YJ2725G,2160716YJ2725G,ES.SDGC.BU,0.100000000000000,m,footPrint,1,1_residential,16,15, ,http://ovc.catastro.meh.es/OVCServWeb/OVCWcfLibres/OVCFotoFachada.svc/RecuperarFotoFachadaGet?ReferenciaCatastral=2160716YJ2725G,jpeg,NotOfficial,grossFloorArea,1108,m2,125.000000000000000,1203.592434689999891,150.449054336249986,20.701789876667998,60.422565055163886,191.304850012239626
1009,ES.SDGC.BU.2160717YJ2726A,2008/04/17 00:00:00.000,functional,1975/01/01 00:00:00.000,1975/01/01 00:00:00.000, ,https://www1.sedecatastro.gob.es/CYCBienInmueble/OVCListaBienes.aspx?rc1=2160717&rc2=YJ2726A,2160717YJ2726A,2160717YJ2726A,ES.SDGC.BU,0.100000000000000,m,footPrint,1,1_residential,10,8, ,http://ovc.catastro.meh.es/OVCServWeb/OVCWcfLibres/OVCFotoFachada.svc/RecuperarFotoFachadaGet?ReferenciaCatastral=2160717YJ2726A,jpeg,NotOfficial,grossFloorArea,1498,m2,168.750000000000000,1112.321239330000026,187.704209136937521,25.828099177242603,133.151735046649208,430.531102485436747
1010,ES.SDGC.BU.2160718YJ2725G,2008/04/17 00:00:00.000,functional,1965/01/01 00:00:00.000,1965/01/01 00:00:00.000, ,https://www1.sedecatastro.gob.es/CYCBienInmueble/OVCListaBienes.aspx?rc1=2160718&rc2=YJ2725G,2160718YJ2725G,2160718YJ2725G,ES.SDGC.BU,0.100000000000000,m,footPrint,1,1_residential,12,10, ,http://ovc.catastro.meh.es/OVCServWeb/OVCWcfLibres/OVCFotoFachada.svc/RecuperarFotoFachadaGet?ReferenciaCatastral=2160718YJ2725G,jpeg,NotOfficial,grossFloorArea,1224,m2,137.500000000000000,1164.731184530000064,160.150537872875020,22.036714011307605,68.397059177111188,224.532571734955013
1011,ES.SDGC.BU.2160719YJ2725G,2008/04/17 00:00:00.000,functional,1976/01/01 00:00:00.000,1976/01/01 00:00:00.000, ,https://www1.sedecatastro.gob.es/CYCBienInmueble/OVCListaBienes.aspx?rc1=2160719&rc2=YJ2725G,2160719YJ2725G,2160719YJ2725G,ES.SDGC.BU,0.100000000000000,m,footPrint,1,1_residential,10,8, ,http://ovc.catastro.meh.es/OVCServWeb/OVCWcfLibres/OVCFotoFachada.svc/RecuperarFotoFachadaGet?ReferenciaCatastral=2160719YJ2725G,jpeg,NotOfficial,grossFloorArea,719,m2,87.500000000000000,1163.954136439999957,101.845986938499991,14.014007802737600,60.095789413326862,155.614052005414436
1012,ES.SDGC.BU.2160720YJ2725G,2009/10/21 00:00:00.000,functional,2009/01/01 00:00:00.000,2009/01/01 00:00:00.000, ,https://www1.sedecatastro.gob.es/CYCBienInmueble/OVCListaBienes.aspx?rc1=2160720&rc2=YJ2725G,2160720YJ2725G,2160720YJ2725G,ES.SDGC.BU,0.100000000000000,m,footPrint,1,1_residential,45,15, ,http://ovc.catastro.meh.es/OVCServWeb/OVCWcfLibres/OVCFotoFachada.svc/RecuperarFotoFachadaGet?ReferenciaCatastral=2160720YJ2725G,jpeg,NotOfficial,grossFloorArea,2466,m2,250.000000000000000,1153.196441649999997,288.299110412499999,39.669957592759999,121.207559780563741,398.972717144350611
1013,ES.SDGC.BU.2160725YJ2726A,2001/11/19 00:00:00.000,functional,1979/01/01 00:00:00.000,1979/01/01 00:00:00.000, ,https://www1.sedecatastro.gob.es/CYCBienInmueble/OVCListaBienes.aspx?rc1=2160725&rc2=YJ2726A,2160725YJ2726A,2160725YJ2726A,ES.SDGC.BU,0.100000000000000,m,footPrint,1,1_residential,1,0, ,http://ovc.catastro.meh.es/OVCServWeb/OVCWcfLibres/OVCFotoFachada.svc/RecuperarFotoFachadaGet?ReferenciaCatastral=2160725YJ2726A,jpeg,NotOfficial,grossFloorArea,10,m2,6.250000000000000,895.085327148000033,5.594283294675001,0.769773381347280,13.592096179819874,10.834839996757303
1014,ES.SDGC.BU.2161701YJ2726A,2009/05/20 00:00:00.000,functional,1965/01/01 00:00:00.000,1965/01/01 00:00:00.000, ,https://www1.sedecatastro.gob.es/CYCBienInmueble/OVCListaBienes.aspx?rc1=2161701&rc2=YJ2726A,2161701YJ2726A,2161701YJ2726A,ES.SDGC.BU,0.100000000000000,m,footPrint,1,1_residential,10,8, ,http://ovc.catastro.meh.es/OVCServWeb/OVCWcfLibres/OVCFotoFachada.svc/RecuperarFotoFachadaGet?ReferenciaCatastral=2161701YJ2726A,jpeg,NotOfficial,grossFloorArea,1088,m2,175.000000000000000,1098.820297239999945,192.293552016999968,26.459592757539198,36.187353098031899,78.890699808588067
1015,ES.SDGC.BU.2161702YJ2726A,2016/08/10 00:00:00.000,functional,1916/01/01 00:00:00.000,1916/01/01 00:00:00.000, ,https://www1.sedecatastro.gob.es/CYCBienInmueble/OVCListaBienes.aspx?rc1=2161702&rc2=YJ2726A,2161702YJ2726A,2161702YJ2726A,ES.SDGC.BU,0.100000000000000,m,footPrint,1,1_residential,1,1, ,http://ovc.catastro.meh.es/OVCServWeb/OVCWcfLibres/OVCFotoFachada.svc/RecuperarFotoFachadaGet?ReferenciaCatastral=2161702YJ2726A,jpeg,NotOfficial,grossFloorArea,85,m2,37.500000000000000,983.148478189999992,36.868067932125001,5.073046147460400,44.392592368695297,77.740174373282400
1016,ES.SDGC.BU.2253802YJ2725C,2020/12/18 00:00:00.000,functional,1918/01/01 00:00:00.000,1918/01/01 00:00:00.000, ,https://www1.sedecatastro.gob.es/CYCBienInmueble/OVCListaBienes.aspx?rc1=2253802&rc2=YJ2725C,2253802YJ2725C,2253802YJ2725C,ES.SDGC.BU,0.100000000000000,m,footPrint,1,1_residential,1,1, ,http://ovc.catastro.meh.es/OVCServWeb/OVCWcfLibres/OVCFotoFachada.svc/RecuperarFotoFachadaGet?ReferenciaCatastral=2253802YJ2725C,jpeg,NotOfficial,grossFloorArea,770,m2,575.000000000000000,1156.524128130000008,665.001373674749971,91.504189017645601,120.120563453229281,454.903601783500449
1017,ES.SDGC.BU.2253803YJ2725C,2020/12/18 00:00:00.000,functional,1970/01/01 00:00:00.000,1970/01/01 00:00:00.000, ,https://www1.sedecatastro.gob.es/CYCBienInmueble/OVCListaBienes.aspx?rc1=2253803&rc2=YJ2725C,2253803YJ2725C,2253803YJ2725C,ES.SDGC.BU,0.100000000000000,m,footPrint,1,1_residential,1,1, ,http://ovc.catastro.meh.es/OVCServWeb/OVCWcfLibres/OVCFotoFachada.svc/RecuperarFotoFachadaGet?ReferenciaCatastral=2253803YJ2725C,jpeg,NotOfficial,grossFloorArea,285,m2,37.500000000000000,1087.422170000000051,40.778331375000000,5.611098397200000,3.373415579476714,0.705933919780822
1018,ES.SDGC.BU.2253804YJ2725C,2020/12/18 00:00:00.000,functional,1889/01/01 00:00:00.000,1998/01/01 00:00:00.000, ,https://www1.sedecatastro.gob.es/CYCBienInmueble/OVCListaBienes.aspx?rc1=2253804&rc2=YJ2725C,2253804YJ2725C,2253804YJ2725C,ES.SDGC.BU,0.100000000000000,m,footPrint,1,1_residential,1,1, ,http://ovc.catastro.meh.es/OVCServWeb/OVCWcfLibres/OVCFotoFachada.svc/RecuperarFotoFachadaGet?ReferenciaCatastral=2253804YJ2725C,jpeg,NotOfficial,grossFloorArea,620,m2,275.000000000000000,1151.303691520000029,316.608515167999997,43.565331687116796,35.791443352022100,14.092016429260728
1019,ES.SDGC.BU.2253805YJ2725C,2020/12/18 00:00:00.000,functional,1889/01/01 00:00:00.000,1889/01/01 00:00:00.000, ,https://www1.sedecatastro.gob.es/CYCBienInmueble/OVCListaBienes.aspx?rc1=2253805&rc2=YJ2725C,2253805YJ2725C,2253805YJ2725C,ES.SDGC.BU,0.100000000000000,m,footPrint,1,1_residential,1,1, ,http://ovc.catastro.meh.es/OVCServWeb/OVCWcfLibres/OVCFotoFachada.svc/RecuperarFotoFachadaGet?ReferenciaCatastral=2253805YJ2725C,jpeg,NotOfficial,grossFloorArea,390,m2,143.750000000000000,1214.220326299999897,174.544171905624978,24.017278054214000,13.979707335884290,5.268888062012307
1020,ES.SDGC.BU.2253806YJ2725C,2020/12/18 00:00:00.000,functional,1889/01/01 00:00:00.000,1889/01/01 00:00:00.000, ,https://www1.sedecatastro.gob.es/CYCBienInmueble/OVCListaBienes.aspx?rc1=2253806&rc2=YJ2725C,2253806YJ2725C,2253806YJ2725C,ES.SDGC.BU,0.100000000000000,m,footPrint,1,1_residential,1,1, ,http://ovc.catastro.meh.es/OVCServWeb/OVCWcfLibres/OVCFotoFachada.svc/RecuperarFotoFachadaGet?ReferenciaCatastral=2253806YJ2725C,jpeg,NotOfficial,grossFloorArea,380,m2,162.500000000000000,1277.563321630000019,207.604039764874983,28.566315871646797,15.855947779679067,4.105739989948102
1021,ES.SDGC.BU.2253807YJ2725C,2020/12/18 00:00:00.000,functional,1889/01/01 00:00:00.000,1889/01/01 00:00:00.000, ,https://www1.sedecatastro.gob.es/CYCBienInmueble/OVCListaBienes.aspx?rc1=2253807&rc2=YJ2725C,2253807YJ2725C,2253807YJ2725C,ES.SDGC.BU,0.100000000000000,m,footPrint,1,3_industrial,1,0, ,http://ovc.catastro.meh.es/OVCServWeb/OVCWcfLibres/OVCFotoFachada.svc/RecuperarFotoFachadaGet?ReferenciaCatastral=2253807YJ2725C,jpeg,NotOfficial,grossFloorArea,631,m2,193.750000000000000,1212.453455769999891,234.912857055437485,32.324009130828195,32.912979156421038,12.888044713166291
1022,ES.SDGC.BU.2253808YJ2725C,2020/12/18 00:00:00.000,functional,1920/01/01 00:00:00.000,1920/01/01 00:00:00.000, ,https://www1.sedecatastro.gob.es/CYCBienInmueble/OVCListaBienes.aspx?rc1=2253808&rc2=YJ2725C,2253808YJ2725C,2253808YJ2725C,ES.SDGC.BU,0.100000000000000,m,footPrint,1,1_residential,1,1, ,http://ovc.catastro.meh.es/OVCServWeb/OVCWcfLibres/OVCFotoFachada.svc/RecuperarFotoFachadaGet?ReferenciaCatastral=2253808YJ2725C,jpeg,NotOfficial,grossFloorArea,190,m2,68.750000000000000,1273.710471410000082,87.567594909437517,12.049301059538603,7.932291175888366,2.757990954650378
1023,ES.SDGC.BU.2253809YJ2725C,2020/12/18 00:00:00.000,functional,1889/01/01 00:00:00.000,1889/01/01 00:00:00.000, ,https://www1.sedecatastro.gob.es/CYCBienInmueble/OVCListaBienes.aspx?rc1=2253809&rc2=YJ2725C,2253809YJ2725C,2253809YJ2725C,ES.SDGC.BU,0.100000000000000,m,footPrint,1,1_residential,1,1, ,http://ovc.catastro.meh.es/OVCServWeb/OVCWcfLibres/OVCFotoFachada.svc/RecuperarFotoFachadaGet?ReferenciaCatastral=2253809YJ2725C,jpeg,NotOfficial,grossFloorArea,269,m2,43.750000000000000,1224.345031739999968,53.565095138625004,7.370557091074801,16.878669754020997,6.776006712068069
1024,ES.SDGC.BU.2253811YJ2725C,2020/12/18 00:00:00.000,functional,1908/01/01 00:00:00.000,1908/01/01 00:00:00.000, ,https://www1.sedecatastro.gob.es/CYCBienInmueble/OVCListaBienes.aspx?rc1=2253811&rc2=YJ2725C,2253811YJ2725C,2253811YJ2725C,ES.SDGC.BU,0.100000000000000,m,footPrint,1,3_industrial,1,0, ,http://ovc.catastro.meh.es/OVCServWeb/OVCWcfLibres/OVCFotoFachada.svc/RecuperarFotoFachadaGet?ReferenciaCatastral=2253811YJ2725C,jpeg,NotOfficial,grossFloorArea,94,m2,31.250000000000000,1211.292773440000019,37.852899170000008,5.208558925792001,53.859049153011817,89.246172283337984
1025,ES.SDGC.BU.2253812YJ2725C,2020/12/18 00:00:00.000,functional,1908/01/01 00:00:00.000,1908/01/01 00:00:00.000, ,https://www1.sedecatastro.gob.es/CYCBienInmueble/OVCListaBienes.aspx?rc1=2253812&rc2=YJ2725C,2253812YJ2725C,2253812YJ2725C,ES.SDGC.BU,0.100000000000000,m,footPrint,1,3_industrial,1,0, ,http://ovc.catastro.meh.es/OVCServWeb/OVCWcfLibres/OVCFotoFachada.svc/RecuperarFotoFachadaGet?ReferenciaCatastral=2253812YJ2725C,jpeg,NotOfficial,grossFloorArea,145,m2,62.500000000000000,1159.867163090000076,72.491697693125005,9.974857602574000,68.555041221334207,140.750657654831912
1026,ES.SDGC.BU.2253813YJ2725C,2020/12/18 00:00:00.000,functional,2000/01/01 00:00:00.000,2000/01/01 00:00:00.000, ,https://www1.sedecatastro.gob.es/CYCBienInmueble/OVCListaBienes.aspx?rc1=2253813&rc2=YJ2725C,2253813YJ2725C,2253813YJ2725C,ES.SDGC.BU,0.100000000000000,m,footPrint,1,3_industrial,1,0, ,http://ovc.catastro.meh.es/OVCServWeb/OVCWcfLibres/OVCFotoFachada.svc/RecuperarFotoFachadaGet?ReferenciaCatastral=2253813YJ2725C,jpeg,NotOfficial,grossFloorArea,105,m2,62.500000000000000,1164.613696290000007,72.788356018125000,10.015677788093999,62.298723237323465,104.714686988101448
1027,ES.SDGC.BU.2253814YJ2725C,2020/12/18 00:00:00.000,functional,1960/01/01 00:00:00.000,1960/01/01 00:00:00.000, ,https://www1.sedecatastro.gob.es/CYCBienInmueble/OVCListaBienes.aspx?rc1=2253814&rc2=YJ2725C,2253814YJ2725C,2253814YJ2725C,ES.SDGC.BU,0.100000000000000,m,footPrint,1,3_industrial,1,0, ,http://ovc.catastro.meh.es/OVCServWeb/OVCWcfLibres/OVCFotoFachada.svc/RecuperarFotoFachadaGet?ReferenciaCatastral=2253814YJ2725C,jpeg,NotOfficial,grossFloorArea,391,m2,237.500000000000000,1187.334035769999900,281.991833495374976,38.802076288963598,82.149555184901146,390.906327499155111
1028,ES.SDGC.BU.2253821YJ2725C,2020/12/18 00:00:00.000,functional,1990/01/01 00:00:00.000,1990/01/01 00:00:00.000, ,https://www1.sedecatastro.gob.es/CYCBienInmueble/OVCListaBienes.aspx?rc1=2253821&rc2=YJ2725C,2253821YJ2725C,2253821YJ2725C,ES.SDGC.BU,0.100000000000000,m,footPrint,1,1_residential,1,1, ,http://ovc.catastro.meh.es/OVCServWeb/OVCWcfLibres/OVCFotoFachada.svc/RecuperarFotoFachadaGet?ReferenciaCatastral=2253821YJ2725C,jpeg,NotOfficial,grossFloorArea,1453,m2,706.250000000000000,1139.172922319999998,804.540876388500010,110.704824591057601,55.605136860366251,21.485175840084363
1029,ES.SDGC.BU.2255501YJ2725E,2020/12/18 00:00:00.000,functional,2000/01/01 00:00:00.000,2000/01/01 00:00:00.000, ,https://www1.sedecatastro.gob.es/CYCBienInmueble/OVCListaBienes.aspx?rc1=2255501&rc2=YJ2725E,2255501YJ2725E,2255501YJ2725E,ES.SDGC.BU,0.100000000000000,m,footPrint,1,4_1_office,1,0, ,http://ovc.catastro.meh.es/OVCServWeb/OVCWcfLibres/OVCFotoFachada.svc/RecuperarFotoFachadaGet?ReferenciaCatastral=2255501YJ2725E,jpeg,NotOfficial,grossFloorArea,447,m2,400.000000000000000,1188.054060939999999,475.221624376000022,65.390495514137598,94.428049968218318,447.531313883834912
1030,ES.SDGC.BU.2255504YJ2725E,2020/10/29 00:00:00.000,functional,1954/01/01 00:00:00.000,1954/01/01 00:00:00.000, ,https://www1.sedecatastro.gob.es/CYCBienInmueble/OVCListaBienes.aspx?rc1=2255504&rc2=YJ2725E,2255504YJ2725E,2255504YJ2725E,ES.SDGC.BU,0.100000000000000,m,footPrint,1,1_residential,2,2, ,http://ovc.catastro.meh.es/OVCServWeb/OVCWcfLibres/OVCFotoFachada.svc/RecuperarFotoFachadaGet?ReferenciaCatastral=2255504YJ2725E,jpeg,NotOfficial,grossFloorArea,165,m2,68.750000000000000,1150.815485170000102,79.118564605437513,10.886714489708202,35.501296011100813,78.020034634142775
1031,ES.SDGC.BU.2255505YJ2725E,2020/12/18 00:00:00.000,functional,1966/01/01 00:00:00.000,1966/01/01 00:00:00.000, ,https://www1.sedecatastro.gob.es/CYCBienInmueble/OVCListaBienes.aspx?rc1=2255505&rc2=YJ2725E,2255505YJ2725E,2255505YJ2725E,ES.SDGC.BU,0.100000000000000,m,footPrint,1,1_residential,1,1, ,http://ovc.catastro.meh.es/OVCServWeb/OVCWcfLibres/OVCFotoFachada.svc/RecuperarFotoFachadaGet?ReferenciaCatastral=2255505YJ2725E,jpeg,NotOfficial,grossFloorArea,143,m2,12.500000000000000,987.058837891000053,12.338235473637500,1.697741201172520,34.472999594546259,58.554970345051082
1032,ES.SDGC.BU.2255506YJ2725E,2020/12/18 00:00:00.000,functional,1930/01/01 00:00:00.000,1930/01/01 00:00:00.000, ,https://www1.sedecatastro.gob.es/CYCBienInmueble/OVCListaBienes.aspx?rc1=2255506&rc2=YJ2725E,2255506YJ2725E,2255506YJ2725E,ES.SDGC.BU,0.100000000000000,m,footPrint,1,1_residential,1,1, ,http://ovc.catastro.meh.es/OVCServWeb/OVCWcfLibres/OVCFotoFachada.svc/RecuperarFotoFachadaGet?ReferenciaCatastral=2255506YJ2725E,jpeg,NotOfficial,grossFloorArea,81,m2,31.250000000000000,1239.350756840000031,38.729711151250001,5.329208254412000,53.458643599680727,63.131840387946561
1033,ES.SDGC.BU.2255507YJ2725E,2020/12/18 00:00:00.000,functional,1958/01/01 00:00:00.000,1958/01/01 00:00:00.000, ,https://www1.sedecatastro.gob.es/CYCBienInmueble/OVCListaBienes.aspx?rc1=2255507&rc2=YJ2725E,2255507YJ2725E,2255507YJ2725E,ES.SDGC.BU,0.100000000000000,m,footPrint,1,1_residential,2,2, ,http://ovc.catastro.meh.es/OVCServWeb/OVCWcfLibres/OVCFotoFachada.svc/RecuperarFotoFachadaGet?ReferenciaCatastral=2255507YJ2725E,jpeg,NotOfficial,grossFloorArea,150,m2,37.500000000000000,1167.276336670000092,43.772862625125001,6.023145897217201,54.582168093055195,77.902657551244175
1034,ES.SDGC.BU.2255508YJ2725E,2020/12/18 00:00:00.000,functional,1975/01/01 00:00:00.000,1975/01/01 00:00:00.000, ,https://www1.sedecatastro.gob.es/CYCBienInmueble/OVCListaBienes.aspx?rc1=2255508&rc2=YJ2725E,2255508YJ2725E,2255508YJ2725E,ES.SDGC.BU,0.100000000000000,m,footPrint,1,3_industrial,1,0, ,http://ovc.catastro.meh.es/OVCServWeb/OVCWcfLibres/OVCFotoFachada.svc/RecuperarFotoFachadaGet?ReferenciaCatastral=2255508YJ2725E,jpeg,NotOfficial,grossFloorArea,20,m2,12.500000000000000,1179.526733400000012,14.744084167500001,2.028785981448000,18.157635380513454,20.137949998419916
1035,ES.SDGC.BU.2255509YJ2725E,2020/12/18 00:00:00.000,functional,2000/01/01 00:00:00.000,2000/01/01 00:00:00.000, ,https://www1.sedecatastro.gob.es/CYCBienInmueble/OVCListaBienes.aspx?rc1=2255509&rc2=YJ2725E,2255509YJ2725E,2255509YJ2725E,ES.SDGC.BU,0.100000000000000,m,footPrint,1,3_industrial,1,0, ,http://ovc.catastro.meh.es/OVCServWeb/OVCWcfLibres/OVCFotoFachada.svc/RecuperarFotoFachadaGet?ReferenciaCatastral=2255509YJ2725E,jpeg,NotOfficial,grossFloorArea,617,m2,400.000000000000000,1195.670557980000012,478.268223191999994,65.809707511219202,221.623894426364473,617.368227379691916
1036,ES.SDGC.BU.2255510YJ2725E,2020/12/18 00:00:00.000,functional,1930/01/01 00:00:00.000,1950/01/01 00:00:00.000, ,https://www1.sedecatastro.gob.es/CYCBienInmueble/OVCListaBienes.aspx?rc1=2255510&rc2=YJ2725E,2255510YJ2725E,2255510YJ2725E,ES.SDGC.BU,0.100000000000000,m,footPrint,1,1_residential,1,1, ,http://ovc.catastro.meh.es/OVCServWeb/OVCWcfLibres/OVCFotoFachada.svc/RecuperarFotoFachadaGet?ReferenciaCatastral=2255510YJ2725E,jpeg,NotOfficial,grossFloorArea,588,m2,268.750000000000000,1172.876767179999888,315.210631179625011,43.372982850316397,78.795203150568682,341.940481245790409
1037,ES.SDGC.BU.2256501YJ2725E,2020/12/18 00:00:00.000,functional,1948/01/01 00:00:00.000,1948/01/01 00:00:00.000, ,https://www1.sedecatastro.gob.es/CYCBienInmueble/OVCListaBienes.aspx?rc1=2256501&rc2=YJ2725E,2256501YJ2725E,2256501YJ2725E,ES.SDGC.BU,0.100000000000000,m,footPrint,1,1_residential,1,1, ,http://ovc.catastro.meh.es/OVCServWeb/OVCWcfLibres/OVCFotoFachada.svc/RecuperarFotoFachadaGet?ReferenciaCatastral=2256501YJ2725E,jpeg,NotOfficial,grossFloorArea,351,m2,156.250000000000000,1147.086616210000102,179.232283782812516,24.662362248515002,81.592668069438261,221.145949990905081
1038,ES.SDGC.BU.2256502YJ2725E,2020/12/18 00:00:00.000,functional,1940/01/01 00:00:00.000,1940/01/01 00:00:00.000, ,https://www1.sedecatastro.gob.es/CYCBienInmueble/OVCListaBienes.aspx?rc1=2256502&rc2=YJ2725E,2256502YJ2725E,2256502YJ2725E,ES.SDGC.BU,0.100000000000000,m,footPrint,1,1_residential,1,1, ,http://ovc.catastro.meh.es/OVCServWeb/OVCWcfLibres/OVCFotoFachada.svc/RecuperarFotoFachadaGet?ReferenciaCatastral=2256502YJ2725E,jpeg,NotOfficial,grossFloorArea,122,m2,12.500000000000000,1139.753662110000050,14.246920776374999,1.960376298829200,37.470074123429448,66.464800008549176
1039,ES.SDGC.BU.2256503YJ2725E,2020/12/18 00:00:00.000,functional,1928/01/01 00:00:00.000,1928/01/01 00:00:00.000, ,https://www1.sedecatastro.gob.es/CYCBienInmueble/OVCListaBienes.aspx?rc1=2256503&rc2=YJ2725E,2256503YJ2725E,2256503YJ2725E,ES.SDGC.BU,0.100000000000000,m,footPrint,1,1_residential,1,0, ,http://ovc.catastro.meh.es/OVCServWeb/OVCWcfLibres/OVCFotoFachada.svc/RecuperarFotoFachadaGet?ReferenciaCatastral=2256503YJ2725E,jpeg,NotOfficial,grossFloorArea,280,m2,37.500000000000000,1223.188028970000005,45.869551086375004,6.311650229485201,36.409349827481755,84.906600006000701
1040,ES.SDGC.BU.2256504YJ2725E,2020/12/18 00:00:00.000,functional,1930/01/01 00:00:00.000,1930/01/01 00:00:00.000, ,https://www1.sedecatastro.gob.es/CYCBienInmueble/OVCListaBienes.aspx?rc1=2256504&rc2=YJ2725E,2256504YJ2725E,2256504YJ2725E,ES.SDGC.BU,0.100000000000000,m,footPrint,1,1_residential,1,1, ,http://ovc.catastro.meh.es/OVCServWeb/OVCWcfLibres/OVCFotoFachada.svc/RecuperarFotoFachadaGet?ReferenciaCatastral=2256504YJ2725E,jpeg,NotOfficial,grossFloorArea,421,m2,93.750000000000000,1222.171028649999926,114.578533935937486,15.766006269584999,98.495953098986618,264.378922524243251
1041,ES.SDGC.BU.2256505YJ2725E,2020/12/18 00:00:00.000,functional,1925/01/01 00:00:00.000,2000/01/01 00:00:00.000, ,https://www1.sedecatastro.gob.es/CYCBienInmueble/OVCListaBienes.aspx?rc1=2256505&rc2=YJ2725E,2256505YJ2725E,2256505YJ2725E,ES.SDGC.BU,0.100000000000000,m,footPrint,1,1_residential,1,1, ,http://ovc.catastro.meh.es/OVCServWeb/OVCWcfLibres/OVCFotoFachada.svc/RecuperarFotoFachadaGet?ReferenciaCatastral=2256505YJ2725E,jpeg,NotOfficial,grossFloorArea,143,m2,62.500000000000000,1212.177233890000025,75.761077118125002,10.424724211454000,62.094845341362387,142.778622877627726
1042,ES.SDGC.BU.2256509YJ2725E,2020/12/18 00:00:00.000,functional,1980/01/01 00:00:00.000,1980/01/01 00:00:00.000, ,https://www1.sedecatastro.gob.es/CYCBienInmueble/OVCListaBienes.aspx?rc1=2256509&rc2=YJ2725E,2256509YJ2725E,2256509YJ2725E,ES.SDGC.BU,0.100000000000000,m,footPrint,1,1_residential,4,3, ,http://ovc.catastro.meh.es/OVCServWeb/OVCWcfLibres/OVCFotoFachada.svc/RecuperarFotoFachadaGet?ReferenciaCatastral=2256509YJ2725E,jpeg,NotOfficial,grossFloorArea,629,m2,50.000000000000000,1093.753067019999889,54.687653350999994,7.525021101097599,72.248889648409374,182.484049993658260
1043,ES.SDGC.BU.2256510YJ2725E,2020/12/18 00:00:00.000,functional,1930/01/01 00:00:00.000,1930/01/01 00:00:00.000, ,https://www1.sedecatastro.gob.es/CYCBienInmueble/OVCListaBienes.aspx?rc1=2256510&rc2=YJ2725E,2256510YJ2725E,2256510YJ2725E,ES.SDGC.BU,0.100000000000000,m,footPrint,1,1_residential,1,1, ,http://ovc.catastro.meh.es/OVCServWeb/OVCWcfLibres/OVCFotoFachada.svc/RecuperarFotoFachadaGet?ReferenciaCatastral=2256510YJ2725E,jpeg,NotOfficial,grossFloorArea,137,m2,87.500000000000000,1154.293770929999937,101.000704956374989,13.897697001997198,62.936229587891226,127.783237052417661
1044,ES.SDGC.BU.2256511YJ2725E,2020/12/18 00:00:00.000,functional,1930/01/01 00:00:00.000,1930/01/01 00:00:00.000, ,https://www1.sedecatastro.gob.es/CYCBienInmueble/OVCListaBienes.aspx?rc1=2256511&rc2=YJ2725E,2256511YJ2725E,2256511YJ2725E,ES.SDGC.BU,0.100000000000000,m,footPrint,1,1_residential,1,1, ,http://ovc.catastro.meh.es/OVCServWeb/OVCWcfLibres/OVCFotoFachada.svc/RecuperarFotoFachadaGet?ReferenciaCatastral=2256511YJ2725E,jpeg,NotOfficial,grossFloorArea,82,m2,56.250000000000000,1110.872029619999921,62.486551666124996,8.598149509258800,35.104464639130484,75.342113520313646
1045,ES.SDGC.BU.2256512YJ2725E,2020/12/18 00:00:00.000,functional,1930/01/01 00:00:00.000,1930/01/01 00:00:00.000, ,https://www1.sedecatastro.gob.es/CYCBienInmueble/OVCListaBienes.aspx?rc1=2256512&rc2=YJ2725E,2256512YJ2725E,2256512YJ2725E,ES.SDGC.BU,0.100000000000000,m,footPrint,1,1_residential,1,1, ,http://ovc.catastro.meh.es/OVCServWeb/OVCWcfLibres/OVCFotoFachada.svc/RecuperarFotoFachadaGet?ReferenciaCatastral=2256512YJ2725E,jpeg,NotOfficial,grossFloorArea,109,m2,68.750000000000000,1057.859180800000104,72.727818680000013,10.007347850368001,53.797463896286708,90.900834549849037
1046,ES.SDGC.BU.2256513YJ2725E,2020/12/18 00:00:00.000,functional,1930/01/01 00:00:00.000,1930/01/01 00:00:00.000, ,https://www1.sedecatastro.gob.es/CYCBienInmueble/OVCListaBienes.aspx?rc1=2256513&rc2=YJ2725E,2256513YJ2725E,2256513YJ2725E,ES.SDGC.BU,0.100000000000000,m,footPrint,1,3_industrial,1,0, ,http://ovc.catastro.meh.es/OVCServWeb/OVCWcfLibres/OVCFotoFachada.svc/RecuperarFotoFachadaGet?ReferenciaCatastral=2256513YJ2725E,jpeg,NotOfficial,grossFloorArea,147,m2,68.750000000000000,1176.859846639999887,80.909114456499978,11.133094149214397,59.611360672487834,110.059067143568925
1047,ES.SDGC.BU.2256514YJ2725E,2020/12/18 00:00:00.000,functional,1930/01/01 00:00:00.000,1930/01/01 00:00:00.000, ,https://www1.sedecatastro.gob.es/CYCBienInmueble/OVCListaBienes.aspx?rc1=2256514&rc2=YJ2725E,2256514YJ2725E,2256514YJ2725E,ES.SDGC.BU,0.100000000000000,m,footPrint,1,1_residential,1,1, ,http://ovc.catastro.meh.es/OVCServWeb/OVCWcfLibres/OVCFotoFachada.svc/RecuperarFotoFachadaGet?ReferenciaCatastral=2256514YJ2725E,jpeg,NotOfficial,grossFloorArea,301,m2,100.000000000000000,1124.893871309999895,112.489387131000001,15.478539669225601,77.189550664547966,175.750639005310035
1048,ES.SDGC.BU.2256515YJ2725E,2020/12/18 00:00:00.000,functional,1965/01/01 00:00:00.000,1965/01/01 00:00:00.000, ,https://www1.sedecatastro.gob.es/CYCBienInmueble/OVCListaBienes.aspx?rc1=2256515&rc2=YJ2725E,2256515YJ2725E,2256515YJ2725E,ES.SDGC.BU,0.100000000000000,m,footPrint,1,1_residential,8,4, ,http://ovc.catastro.meh.es/OVCServWeb/OVCWcfLibres/OVCFotoFachada.svc/RecuperarFotoFachadaGet?ReferenciaCatastral=2256515YJ2725E,jpeg,NotOfficial,grossFloorArea,664,m2,137.500000000000000,1138.885417590000088,156.596744918625006,21.547712100802801,77.854370291583564,196.697260308950405
1049,ES.SDGC.BU.2257601YJ2725G,2020/12/18 00:00:00.000,functional,2005/01/01 00:00:00.000,2005/01/01 00:00:00.000, ,https://www1.sedecatastro.gob.es/CYCBienInmueble/OVCListaBienes.aspx?rc1=2257601&rc2=YJ2725G,2257601YJ2725G,2257601YJ2725G,ES.SDGC.BU,0.100000000000000,m,footPrint,1,1_residential,33,13, ,http://ovc.catastro.meh.es/OVCServWeb/OVCWcfLibres/OVCFotoFachada.svc/RecuperarFotoFachadaGet?ReferenciaCatastral=2257601YJ2725G,jpeg,NotOfficial,grossFloorArea,1816,m2,168.750000000000000,1078.897668909999993,182.063981628562487,25.052003872090200,84.367457164773711,324.215990001788214
1050,ES.SDGC.BU.2257602YJ2725G,2020/12/18 00:00:00.000,functional,1978/01/01 00:00:00.000,1978/01/01 00:00:00.000, ,https://www1.sedecatastro.gob.es/CYCBienInmueble/OVCListaBienes.aspx?rc1=2257602&rc2=YJ2725G,2257602YJ2725G,2257602YJ2725G,ES.SDGC.BU,0.100000000000000,m,footPrint,1,1_residential,38,32, ,http://ovc.catastro.meh.es/OVCServWeb/OVCWcfLibres/OVCFotoFachada.svc/RecuperarFotoFachadaGet?ReferenciaCatastral=2257602YJ2725G,jpeg,NotOfficial,grossFloorArea,3814,m2,468.750000000000000,1166.965824379999958,547.015230178124966,75.269295672509998,116.156350656438619,799.105492507645977
1051,ES.SDGC.BU.2257605YJ2725E,2020/12/18 00:00:00.000,functional,1889/01/01 00:00:00.000,2012/01/01 00:00:00.000, ,https://www1.sedecatastro.gob.es/CYCBienInmueble/OVCListaBienes.aspx?rc1=2257605&rc2=YJ2725E,2257605YJ2725E,2257605YJ2725E,ES.SDGC.BU,0.100000000000000,m,footPrint,1,1_residential,1,1, ,http://ovc.catastro.meh.es/OVCServWeb/OVCWcfLibres/OVCFotoFachada.svc/RecuperarFotoFachadaGet?ReferenciaCatastral=2257605YJ2725E,jpeg,NotOfficial,grossFloorArea,317,m2,37.500000000000000,1141.062957760000018,42.789860915999995,5.887884862041600,64.982805014453547,174.540582871870214
1052,ES.SDGC.BU.2257606YJ2725E,2020/12/18 00:00:00.000,functional,1889/01/01 00:00:00.000,1889/01/01 00:00:00.000, ,https://www1.sedecatastro.gob.es/CYCBienInmueble/OVCListaBienes.aspx?rc1=2257606&rc2=YJ2725E,2257606YJ2725E,2257606YJ2725E,ES.SDGC.BU,0.100000000000000,m,footPrint,1,1_residential,4,4, ,http://ovc.catastro.meh.es/OVCServWeb/OVCWcfLibres/OVCFotoFachada.svc/RecuperarFotoFachadaGet?ReferenciaCatastral=2257606YJ2725E,jpeg,NotOfficial,grossFloorArea,254,m2,112.500000000000000,1146.568403459999899,128.988945389249977,17.748878885560799,56.606573090838076,131.287649989511266
1053,ES.SDGC.BU.2257607YJ2725E,2020/12/18 00:00:00.000,functional,1889/01/01 00:00:00.000,1889/01/01 00:00:00.000, ,https://www1.sedecatastro.gob.es/CYCBienInmueble/OVCListaBienes.aspx?rc1=2257607&rc2=YJ2725E,2257607YJ2725E,2257607YJ2725E,ES.SDGC.BU,0.100000000000000,m,footPrint,1,1_residential,4,4, ,http://ovc.catastro.meh.es/OVCServWeb/OVCWcfLibres/OVCFotoFachada.svc/RecuperarFotoFachadaGet?ReferenciaCatastral=2257607YJ2725E,jpeg,NotOfficial,grossFloorArea,264,m2,112.500000000000000,1148.851891410000007,129.245837783625007,17.784227279026801,51.436072494178894,131.640700004341255
1054,ES.SDGC.BU.2257609YJ2725E,2020/12/18 00:00:00.000,functional,1918/01/01 00:00:00.000,2000/01/01 00:00:00.000, ,https://www1.sedecatastro.gob.es/CYCBienInmueble/OVCListaBienes.aspx?rc1=2257609&rc2=YJ2725E,2257609YJ2725E,2257609YJ2725E,ES.SDGC.BU,0.100000000000000,m,footPrint,1,1_residential,4,4, ,http://ovc.catastro.meh.es/OVCServWeb/OVCWcfLibres/OVCFotoFachada.svc/RecuperarFotoFachadaGet?ReferenciaCatastral=2257609YJ2725E,jpeg,NotOfficial,grossFloorArea,457,m2,143.750000000000000,1117.911655590000009,160.699800491062490,22.112292547570199,67.199908792693307,228.004269993928290
1055,ES.SDGC.BU.2257610YJ2725E,2020/12/18 00:00:00.000,functional,1918/01/01 00:00:00.000,1918/01/01 00:00:00.000, ,https://www1.sedecatastro.gob.es/CYCBienInmueble/OVCListaBienes.aspx?rc1=2257610&rc2=YJ2725E,2257610YJ2725E,2257610YJ2725E,ES.SDGC.BU,0.100000000000000,m,footPrint,1,1_residential,1,1, ,http://ovc.catastro.meh.es/OVCServWeb/OVCWcfLibres/OVCFotoFachada.svc/RecuperarFotoFachadaGet?ReferenciaCatastral=2257610YJ2725E,jpeg,NotOfficial,grossFloorArea,579,m2,281.250000000000000,1101.534625920000053,309.806613540000001,42.629390023103994,98.923433617109467,374.369700020400046
1056,ES.SDGC.BU.2257611YJ2725E,2020/12/18 00:00:00.000,functional,1889/01/01 00:00:00.000,1889/01/01 00:00:00.000, ,https://www1.sedecatastro.gob.es/CYCBienInmueble/OVCListaBienes.aspx?rc1=2257611&rc2=YJ2725E,2257611YJ2725E,2257611YJ2725E,ES.SDGC.BU,0.100000000000000,m,footPrint,1,1_residential,2,2, ,http://ovc.catastro.meh.es/OVCServWeb/OVCWcfLibres/OVCFotoFachada.svc/RecuperarFotoFachadaGet?ReferenciaCatastral=2257611YJ2725E,jpeg,NotOfficial,grossFloorArea,241,m2,118.750000000000000,1171.580576040000096,139.125193404750036,19.143626612493605,70.352098442063266,143.956949999493730
1057,ES.SDGC.BU.2257612YJ2725E,2020/12/18 00:00:00.000,functional,1889/01/01 00:00:00.000,1889/01/01 00:00:00.000, ,https://www1.sedecatastro.gob.es/CYCBienInmueble/OVCListaBienes.aspx?rc1=2257612&rc2=YJ2725E,2257612YJ2725E,2257612YJ2725E,ES.SDGC.BU,0.100000000000000,m,footPrint,1,1_residential,1,1, ,http://ovc.catastro.meh.es/OVCServWeb/OVCWcfLibres/OVCFotoFachada.svc/RecuperarFotoFachadaGet?ReferenciaCatastral=2257612YJ2725E,jpeg,NotOfficial,grossFloorArea,147,m2,87.500000000000000,1122.739868160000015,98.239738463999998,13.517788012646401,66.854510138559220,146.505931903673627
1058,ES.SDGC.BU.2257617YJ2725E,2020/12/18 00:00:00.000,functional,1968/01/01 00:00:00.000,1968/01/01 00:00:00.000, ,https://www1.sedecatastro.gob.es/CYCBienInmueble/OVCListaBienes.aspx?rc1=2257617&rc2=YJ2725E,2257617YJ2725E,2257617YJ2725E,ES.SDGC.BU,0.100000000000000,m,footPrint,1,1_residential,1,1, ,http://ovc.catastro.meh.es/OVCServWeb/OVCWcfLibres/OVCFotoFachada.svc/RecuperarFotoFachadaGet?ReferenciaCatastral=2257617YJ2725E,jpeg,NotOfficial,grossFloorArea,398,m2,293.750000000000000,1140.292090879999932,334.960801695999976,46.090606313369598,123.743538712725126,377.793283008889944
1059,ES.SDGC.BU.2257618YJ2725E,2020/12/18 00:00:00.000,functional,1889/01/01 00:00:00.000,1889/01/01 00:00:00.000, ,https://www1.sedecatastro.gob.es/CYCBienInmueble/OVCListaBienes.aspx?rc1=2257618&rc2=YJ2725E,2257618YJ2725E,2257618YJ2725E,ES.SDGC.BU,0.100000000000000,m,footPrint,1,1_residential,1,1, ,http://ovc.catastro.meh.es/OVCServWeb/OVCWcfLibres/OVCFotoFachada.svc/RecuperarFotoFachadaGet?ReferenciaCatastral=2257618YJ2725E,jpeg,NotOfficial,grossFloorArea,85,m2,6.250000000000000,1125.019042970000100,7.031369018562501,0.967516376954200,47.861240492219572,65.410635053057291
1060,ES.SDGC.BU.2257619YJ2725E,2020/12/18 00:00:00.000,functional,1889/01/01 00:00:00.000,1889/01/01 00:00:00.000, ,https://www1.sedecatastro.gob.es/CYCBienInmueble/OVCListaBienes.aspx?rc1=2257619&rc2=YJ2725E,2257619YJ2725E,2257619YJ2725E,ES.SDGC.BU,0.100000000000000,m,footPrint,1,1_residential,3,3, ,http://ovc.catastro.meh.es/OVCServWeb/OVCWcfLibres/OVCFotoFachada.svc/RecuperarFotoFachadaGet?ReferenciaCatastral=2257619YJ2725E,jpeg,NotOfficial,grossFloorArea,435,m2,206.250000000000000,1123.767302539999946,231.777006148874989,31.892516046085198,90.578659153921279,255.900262427118548
1061,ES.SDGC.BU.2257623YJ2725E,2020/12/18 00:00:00.000,functional,2003/01/01 00:00:00.000,2003/01/01 00:00:00.000, ,https://www1.sedecatastro.gob.es/CYCBienInmueble/OVCListaBienes.aspx?rc1=2257623&rc2=YJ2725E,2257623YJ2725E,2257623YJ2725E,ES.SDGC.BU,0.100000000000000,m,footPrint,1,1_residential,1,1, ,http://ovc.catastro.meh.es/OVCServWeb/OVCWcfLibres/OVCFotoFachada.svc/RecuperarFotoFachadaGet?ReferenciaCatastral=2257623YJ2725E,jpeg,NotOfficial,grossFloorArea,209,m2,112.500000000000000,998.501349555000047,112.331401824937501,15.456800891111401,49.541705338897323,150.786230052023086
1062,ES.SDGC.BU.2257625YJ2725E,2020/12/18 00:00:00.000,functional,1889/01/01 00:00:00.000,1889/01/01 00:00:00.000, ,https://www1.sedecatastro.gob.es/CYCBienInmueble/OVCListaBienes.aspx?rc1=2257625&rc2=YJ2725E,2257625YJ2725E,2257625YJ2725E,ES.SDGC.BU,0.100000000000000,m,footPrint,1,3_industrial,1,0, ,http://ovc.catastro.meh.es/OVCServWeb/OVCWcfLibres/OVCFotoFachada.svc/RecuperarFotoFachadaGet?ReferenciaCatastral=2257625YJ2725E,jpeg,NotOfficial,grossFloorArea,117,m2,56.250000000000000,1099.211934409999913,61.830671310562494,8.507900372333399,65.464648778903580,84.851890484063347
1063,ES.SDGC.BU.2257626YJ2725E,2020/12/18 00:00:00.000,functional,1889/01/01 00:00:00.000,1889/01/01 00:00:00.000, ,https://www1.sedecatastro.gob.es/CYCBienInmueble/OVCListaBienes.aspx?rc1=2257626&rc2=YJ2725E,2257626YJ2725E,2257626YJ2725E,ES.SDGC.BU,0.100000000000000,m,footPrint,1,3_industrial,1,0, ,http://ovc.catastro.meh.es/OVCServWeb/OVCWcfLibres/OVCFotoFachada.svc/RecuperarFotoFachadaGet?ReferenciaCatastral=2257626YJ2725E,jpeg,NotOfficial,grossFloorArea,100,m2,50.000000000000000,1211.133041379999895,60.556652068999995,8.332595324694399,54.274362945306528,56.834421208542707
1064,ES.SDGC.BU.2257636YJ2725E,2020/12/18 00:00:00.000,functional,2006/01/01 00:00:00.000,2006/01/01 00:00:00.000, ,https://www1.sedecatastro.gob.es/CYCBienInmueble/OVCListaBienes.aspx?rc1=2257636&rc2=YJ2725E,2257636YJ2725E,2257636YJ2725E,ES.SDGC.BU,0.100000000000000,m,footPrint,1,1_residential,3,3, ,http://ovc.catastro.meh.es/OVCServWeb/OVCWcfLibres/OVCFotoFachada.svc/RecuperarFotoFachadaGet?ReferenciaCatastral=2257636YJ2725E,jpeg,NotOfficial,grossFloorArea,517,m2,125.000000000000000,1182.288146970000071,147.786018371250009,20.335356127884001,74.943154173594550,213.367628843121423
1065,ES.SDGC.BU.2257639YJ2725E,2020/12/18 00:00:00.000,functional,2008/01/01 00:00:00.000,2008/01/01 00:00:00.000, ,https://www1.sedecatastro.gob.es/CYCBienInmueble/OVCListaBienes.aspx?rc1=2257639&rc2=YJ2725E,2257639YJ2725E,2257639YJ2725E,ES.SDGC.BU,0.100000000000000,m,footPrint,1,1_residential,12,7, ,http://ovc.catastro.meh.es/OVCServWeb/OVCWcfLibres/OVCFotoFachada.svc/RecuperarFotoFachadaGet?ReferenciaCatastral=2257639YJ2725E,jpeg,NotOfficial,grossFloorArea,2200,m2,431.250000000000000,1180.468578389999948,509.077074430687446,70.049005441662601,115.102386074506057,500.267780489977326
1066,ES.SDGC.BU.2257640YJ2725E,2020/12/18 00:00:00.000,functional,2008/01/01 00:00:00.000,2008/01/01 00:00:00.000, ,https://www1.sedecatastro.gob.es/CYCBienInmueble/OVCListaBienes.aspx?rc1=2257640&rc2=YJ2725E,2257640YJ2725E,2257640YJ2725E,ES.SDGC.BU,0.100000000000000,m,footPrint,1,1_residential,11,11, ,http://ovc.catastro.meh.es/OVCServWeb/OVCWcfLibres/OVCFotoFachada.svc/RecuperarFotoFachadaGet?ReferenciaCatastral=2257640YJ2725E,jpeg,NotOfficial,grossFloorArea,3113,m2,462.500000000000000,1208.548009099999945,558.953454208749918,76.911995299123987,214.923370834361862,794.240705382726787
1067,ES.SDGC.BU.2258801YJ2725G,2020/12/18 00:00:00.000,functional,1965/01/01 00:00:00.000,1965/01/01 00:00:00.000, ,https://www1.sedecatastro.gob.es/CYCBienInmueble/OVCListaBienes.aspx?rc1=2258801&rc2=YJ2725G,2258801YJ2725G,2258801YJ2725G,ES.SDGC.BU,0.100000000000000,m,footPrint,1,1_residential,24,20, ,http://ovc.catastro.meh.es/OVCServWeb/OVCWcfLibres/OVCFotoFachada.svc/RecuperarFotoFachadaGet?ReferenciaCatastral=2258801YJ2725G,jpeg,NotOfficial,grossFloorArea,2121,m2,193.750000000000000,1219.323702899999944,236.243967436874982,32.507169919313995,89.653948839334859,383.065820006222907
1068,ES.SDGC.BU.2258802YJ2725G,2020/12/18 00:00:00.000,functional,1971/01/01 00:00:00.000,1971/01/01 00:00:00.000, ,https://www1.sedecatastro.gob.es/CYCBienInmueble/OVCListaBienes.aspx?rc1=2258802&rc2=YJ2725G,2258802YJ2725G,2258802YJ2725G,ES.SDGC.BU,0.100000000000000,m,footPrint,1,1_residential,26,21, ,http://ovc.catastro.meh.es/OVCServWeb/OVCWcfLibres/OVCFotoFachada.svc/RecuperarFotoFachadaGet?ReferenciaCatastral=2258802YJ2725G,jpeg,NotOfficial,grossFloorArea,2300,m2,225.000000000000000,1143.953974410000001,257.389644242250029,35.416815047733607,112.852008422787179,553.870919021758823
1069,ES.SDGC.BU.2260601YJ2726A,2001/11/19 00:00:00.000,functional,1920/01/01 00:00:00.000,1920/01/01 00:00:00.000, ,https://www1.sedecatastro.gob.es/CYCBienInmueble/OVCListaBienes.aspx?rc1=2260601&rc2=YJ2726A,2260601YJ2726A,2260601YJ2726A,ES.SDGC.BU,0.100000000000000,m,footPrint,1,1_residential,1,1, ,http://ovc.catastro.meh.es/OVCServWeb/OVCWcfLibres/OVCFotoFachada.svc/RecuperarFotoFachadaGet?ReferenciaCatastral=2260601YJ2726A,jpeg,NotOfficial,grossFloorArea,69,m2,43.750000000000000,1147.017447339999990,50.182013321124998,6.905045032986799,47.133784139104613,69.519249998864723
1070,ES.SDGC.BU.2354801YJ2725C,2020/12/22 00:00:00.000,functional,1926/01/01 00:00:00.000,1926/01/01 00:00:00.000, ,https://www1.sedecatastro.gob.es/CYCBienInmueble/OVCListaBienes.aspx?rc1=2354801&rc2=YJ2725C,2354801YJ2725C,2354801YJ2725C,ES.SDGC.BU,0.100000000000000,m,footPrint,1,1_residential,1,1, ,http://ovc.catastro.meh.es/OVCServWeb/OVCWcfLibres/OVCFotoFachada.svc/RecuperarFotoFachadaGet?ReferenciaCatastral=2354801YJ2725C,jpeg,NotOfficial,grossFloorArea,171,m2,62.500000000000000,1109.979052729999921,69.373690795624995,9.545819853477999,48.595437627922621,81.099571899816695
1071,ES.SDGC.BU.2354802YJ2725C,2020/12/22 00:00:00.000,functional,1920/01/01 00:00:00.000,1920/01/01 00:00:00.000, ,https://www1.sedecatastro.gob.es/CYCBienInmueble/OVCListaBienes.aspx?rc1=2354802&rc2=YJ2725C,2354802YJ2725C,2354802YJ2725C,ES.SDGC.BU,0.100000000000000,m,footPrint,1,1_residential,1,1, ,http://ovc.catastro.meh.es/OVCServWeb/OVCWcfLibres/OVCFotoFachada.svc/RecuperarFotoFachadaGet?ReferenciaCatastral=2354802YJ2725C,jpeg,NotOfficial,grossFloorArea,85,m2,50.000000000000000,1127.814163210000061,56.390708160500004,7.759361442884800,40.912360501845939,68.677230494781455
1072,ES.SDGC.BU.2354803YJ2725C,2020/12/22 00:00:00.000,functional,1921/01/01 00:00:00.000,1921/01/01 00:00:00.000, ,https://www1.sedecatastro.gob.es/CYCBienInmueble/OVCListaBienes.aspx?rc1=2354803&rc2=YJ2725C,2354803YJ2725C,2354803YJ2725C,ES.SDGC.BU,0.100000000000000,m,footPrint,1,1_residential,1,1, ,http://ovc.catastro.meh.es/OVCServWeb/OVCWcfLibres/OVCFotoFachada.svc/RecuperarFotoFachadaGet?ReferenciaCatastral=2354803YJ2725C,jpeg,NotOfficial,grossFloorArea,116,m2,87.500000000000000,1214.199872700000014,106.242488861250010,14.618966467308001,62.246293988658067,116.180948455378342
1073,ES.SDGC.BU.2354804YJ2725C,2020/12/22 00:00:00.000,functional,1920/01/01 00:00:00.000,1920/01/01 00:00:00.000, ,https://www1.sedecatastro.gob.es/CYCBienInmueble/OVCListaBienes.aspx?rc1=2354804&rc2=YJ2725C,2354804YJ2725C,2354804YJ2725C,ES.SDGC.BU,0.100000000000000,m,footPrint,1,3_industrial,1,0, ,http://ovc.catastro.meh.es/OVCServWeb/OVCWcfLibres/OVCFotoFachada.svc/RecuperarFotoFachadaGet?ReferenciaCatastral=2354804YJ2725C,jpeg,NotOfficial,grossFloorArea,121,m2,68.750000000000000,1234.528087270000015,84.873805999812490,11.678635705574198,51.875169124952478,121.047417104948465
1074,ES.SDGC.BU.2354805YJ2725C,2020/12/22 00:00:00.000,functional,1920/01/01 00:00:00.000,1920/01/01 00:00:00.000, ,https://www1.sedecatastro.gob.es/CYCBienInmueble/OVCListaBienes.aspx?rc1=2354805&rc2=YJ2725C,2354805YJ2725C,2354805YJ2725C,ES.SDGC.BU,0.100000000000000,m,footPrint,1,1_residential,1,1, ,http://ovc.catastro.meh.es/OVCServWeb/OVCWcfLibres/OVCFotoFachada.svc/RecuperarFotoFachadaGet?ReferenciaCatastral=2354805YJ2725C,jpeg,NotOfficial,grossFloorArea,82,m2,81.250000000000000,1178.747305059999917,95.773218536124986,13.178394870570799,50.592508134413649,82.484489001601204
1075,ES.SDGC.BU.2354806YJ2725C,2020/12/22 00:00:00.000,functional,1930/01/01 00:00:00.000,1930/01/01 00:00:00.000, ,https://www1.sedecatastro.gob.es/CYCBienInmueble/OVCListaBienes.aspx?rc1=2354806&rc2=YJ2725C,2354806YJ2725C,2354806YJ2725C,ES.SDGC.BU,0.100000000000000,m,footPrint,1,1_residential,1,1, ,http://ovc.catastro.meh.es/OVCServWeb/OVCWcfLibres/OVCFotoFachada.svc/RecuperarFotoFachadaGet?ReferenciaCatastral=2354806YJ2725C,jpeg,NotOfficial,grossFloorArea,217,m2,75.000000000000000,1132.635442100000091,84.947658157500001,11.688797762472001,55.566191874193635,116.030461539511037
1076,ES.SDGC.BU.2354807YJ2725C,2020/12/22 00:00:00.000,functional,1952/01/01 00:00:00.000,1952/01/01 00:00:00.000, ,https://www1.sedecatastro.gob.es/CYCBienInmueble/OVCListaBienes.aspx?rc1=2354807&rc2=YJ2725C,2354807YJ2725C,2354807YJ2725C,ES.SDGC.BU,0.100000000000000,m,footPrint,1,3_industrial,1,0, ,http://ovc.catastro.meh.es/OVCServWeb/OVCWcfLibres/OVCFotoFachada.svc/RecuperarFotoFachadaGet?ReferenciaCatastral=2354807YJ2725C,jpeg,NotOfficial,grossFloorArea,14,m2,18.750000000000000,1132.990641280000091,21.243574524000003,2.923115854502401,18.614476461306232,21.142825126901055
1077,ES.SDGC.BU.2354808YJ2725C,2020/12/22 00:00:00.000,functional,2003/01/01 00:00:00.000,2003/01/01 00:00:00.000, ,https://www1.sedecatastro.gob.es/CYCBienInmueble/OVCListaBienes.aspx?rc1=2354808&rc2=YJ2725C,2354808YJ2725C,2354808YJ2725C,ES.SDGC.BU,0.100000000000000,m,footPrint,1,1_residential,23,23, ,http://ovc.catastro.meh.es/OVCServWeb/OVCWcfLibres/OVCFotoFachada.svc/RecuperarFotoFachadaGet?ReferenciaCatastral=2354808YJ2725C,jpeg,NotOfficial,grossFloorArea,6764,m2,1350.000000000000000,1142.309629370000039,1542.117999649500007,212.195436751771211,338.394972856984850,1696.854099796105629
1078,ES.SDGC.BU.2354810YJ2725C,2020/12/22 00:00:00.000,functional,1903/01/01 00:00:00.000,1903/01/01 00:00:00.000, ,https://www1.sedecatastro.gob.es/CYCBienInmueble/OVCListaBienes.aspx?rc1=2354810&rc2=YJ2725C,2354810YJ2725C,2354810YJ2725C,ES.SDGC.BU,0.100000000000000,m,footPrint,1,1_residential,1,1, ,http://ovc.catastro.meh.es/OVCServWeb/OVCWcfLibres/OVCFotoFachada.svc/RecuperarFotoFachadaGet?ReferenciaCatastral=2354810YJ2725C,jpeg,NotOfficial,grossFloorArea,314,m2,68.750000000000000,1037.577020819999916,71.333420181374990,9.815478616957199,82.379059161585317,184.706085955745493
1079,ES.SDGC.BU.2354811YJ2725C,2020/12/22 00:00:00.000,functional,1968/01/01 00:00:00.000,1968/01/01 00:00:00.000, ,https://www1.sedecatastro.gob.es/CYCBienInmueble/OVCListaBienes.aspx?rc1=2354811&rc2=YJ2725C,2354811YJ2725C,2354811YJ2725C,ES.SDGC.BU,0.100000000000000,m,footPrint,1,1_residential,18,18, ,http://ovc.catastro.meh.es/OVCServWeb/OVCWcfLibres/OVCFotoFachada.svc/RecuperarFotoFachadaGet?ReferenciaCatastral=2354811YJ2725C,jpeg,NotOfficial,grossFloorArea,1217,m2,68.750000000000000,1156.614784930000042,79.517266463937503,10.941575865437802,69.271314762132349,197.987053720981265
1080,ES.SDGC.BU.2354812YJ2725C,2020/12/22 00:00:00.000,functional,2001/01/01 00:00:00.000,2001/01/01 00:00:00.000, ,https://www1.sedecatastro.gob.es/CYCBienInmueble/OVCListaBienes.aspx?rc1=2354812&rc2=YJ2725C,2354812YJ2725C,2354812YJ2725C,ES.SDGC.BU,0.100000000000000,m,footPrint,1,1_residential,1,1, ,http://ovc.catastro.meh.es/OVCServWeb/OVCWcfLibres/OVCFotoFachada.svc/RecuperarFotoFachadaGet?ReferenciaCatastral=2354812YJ2725C,jpeg,NotOfficial,grossFloorArea,200,m2,50.000000000000000,1065.774688720000086,53.288734436000006,7.332529858393601,41.620279988348081,95.433443827615463
1081,ES.SDGC.BU.2354813YJ2725C,2020/12/22 00:00:00.000,functional,1970/01/01 00:00:00.000,1970/01/01 00:00:00.000, ,https://www1.sedecatastro.gob.es/CYCBienInmueble/OVCListaBienes.aspx?rc1=2354813&rc2=YJ2725C,2354813YJ2725C,2354813YJ2725C,ES.SDGC.BU,0.100000000000000,m,footPrint,1,1_residential,9,6, ,http://ovc.catastro.meh.es/OVCServWeb/OVCWcfLibres/OVCFotoFachada.svc/RecuperarFotoFachadaGet?ReferenciaCatastral=2354813YJ2725C,jpeg,NotOfficial,grossFloorArea,926,m2,87.500000000000000,1156.499058310000009,101.193667602125004,13.924248662052401,62.291884601366391,220.208065792378875
1082,ES.SDGC.BU.2354814YJ2725C,2020/12/22 00:00:00.000,functional,1956/01/01 00:00:00.000,1956/01/01 00:00:00.000, ,https://www1.sedecatastro.gob.es/CYCBienInmueble/OVCListaBienes.aspx?rc1=2354814&rc2=YJ2725C,2354814YJ2725C,2354814YJ2725C,ES.SDGC.BU,0.100000000000000,m,footPrint,1,1_residential,1,1, ,http://ovc.catastro.meh.es/OVCServWeb/OVCWcfLibres/OVCFotoFachada.svc/RecuperarFotoFachadaGet?ReferenciaCatastral=2354814YJ2725C,jpeg,NotOfficial,grossFloorArea,82,m2,50.000000000000000,1023.939277650000008,51.196963882500000,7.044702230232000,47.487641654570638,75.075219969719157
1083,ES.SDGC.BU.2354815YJ2725C,2020/12/22 00:00:00.000,functional,1948/01/01 00:00:00.000,1998/01/01 00:00:00.000, ,https://www1.sedecatastro.gob.es/CYCBienInmueble/OVCListaBienes.aspx?rc1=2354815&rc2=YJ2725C,2354815YJ2725C,2354815YJ2725C,ES.SDGC.BU,0.100000000000000,m,footPrint,1,1_residential,1,1, ,http://ovc.catastro.meh.es/OVCServWeb/OVCWcfLibres/OVCFotoFachada.svc/RecuperarFotoFachadaGet?ReferenciaCatastral=2354815YJ2725C,jpeg,NotOfficial,grossFloorArea,178,m2,143.750000000000000,1186.291636590000053,170.529422759812491,23.464848571750199,59.701483243476659,160.637109122957384
1084,ES.SDGC.BU.2354816YJ2725C,2020/12/22 00:00:00.000,functional,2005/01/01 00:00:00.000,2005/01/01 00:00:00.000, ,https://www1.sedecatastro.gob.es/CYCBienInmueble/OVCListaBienes.aspx?rc1=2354816&rc2=YJ2725C,2354816YJ2725C,2354816YJ2725C,ES.SDGC.BU,0.100000000000000,m,footPrint,1,1_residential,1,1, ,http://ovc.catastro.meh.es/OVCServWeb/OVCWcfLibres/OVCFotoFachada.svc/RecuperarFotoFachadaGet?ReferenciaCatastral=2354816YJ2725C,jpeg,NotOfficial,grossFloorArea,167,m2,18.750000000000000,1172.031270350000113,21.975586319062501,3.023840677503000,32.551529761286361,60.423042447044757
1085,ES.SDGC.BU.2354817YJ2725C,2020/12/22 00:00:00.000,functional,1946/01/01 00:00:00.000,1946/01/01 00:00:00.000, ,https://www1.sedecatastro.gob.es/CYCBienInmueble/OVCListaBienes.aspx?rc1=2354817&rc2=YJ2725C,2354817YJ2725C,2354817YJ2725C,ES.SDGC.BU,0.100000000000000,m,footPrint,1,1_residential,1,0, ,http://ovc.catastro.meh.es/OVCServWeb/OVCWcfLibres/OVCFotoFachada.svc/RecuperarFotoFachadaGet?ReferenciaCatastral=2354817YJ2725C,jpeg,NotOfficial,grossFloorArea,53,m2,31.250000000000000,1125.312243650000028,35.166007614062501,4.838842647694999,28.835610058646559,48.305825094620346
1086,ES.SDGC.BU.2354818YJ2725C,2020/12/22 00:00:00.000,functional,2005/01/01 00:00:00.000,2005/01/01 00:00:00.000, ,https://www1.sedecatastro.gob.es/CYCBienInmueble/OVCListaBienes.aspx?rc1=2354818&rc2=YJ2725C,2354818YJ2725C,2354818YJ2725C,ES.SDGC.BU,0.100000000000000,m,footPrint,1,1_residential,1,1, ,http://ovc.catastro.meh.es/OVCServWeb/OVCWcfLibres/OVCFotoFachada.svc/RecuperarFotoFachadaGet?ReferenciaCatastral=2354818YJ2725C,jpeg,NotOfficial,grossFloorArea,151,m2,25.000000000000000,1163.023254389999920,29.075581359749997,4.000799995101599,33.193144521192373,59.696329554369342
1087,ES.SDGC.BU.2357902YJ2725G,2020/12/18 00:00:00.000,functional,1929/01/01 00:00:00.000,1929/01/01 00:00:00.000, ,https://www1.sedecatastro.gob.es/CYCBienInmueble/OVCListaBienes.aspx?rc1=2357902&rc2=YJ2725G,2357902YJ2725G,2357902YJ2725G,ES.SDGC.BU,0.100000000000000,m,footPrint,1,1_residential,1,1, ,http://ovc.catastro.meh.es/OVCServWeb/OVCWcfLibres/OVCFotoFachada.svc/RecuperarFotoFachadaGet?ReferenciaCatastral=2357902YJ2725G,jpeg,NotOfficial,grossFloorArea,201,m2,37.500000000000000,1121.458058680000022,42.054677200500002,5.786723582788800,44.578999123942516,112.964600003677972
1088,ES.SDGC.BU.2357903YJ2725G,2020/12/18 00:00:00.000,functional,1934/01/01 00:00:00.000,1934/01/01 00:00:00.000, ,https://www1.sedecatastro.gob.es/CYCBienInmueble/OVCListaBienes.aspx?rc1=2357903&rc2=YJ2725G,2357903YJ2725G,2357903YJ2725G,ES.SDGC.BU,0.100000000000000,m,footPrint,1,1_residential,1,1, ,http://ovc.catastro.meh.es/OVCServWeb/OVCWcfLibres/OVCFotoFachada.svc/RecuperarFotoFachadaGet?ReferenciaCatastral=2357903YJ2725G,jpeg,NotOfficial,grossFloorArea,101,m2,56.250000000000000,1209.781792530000075,68.050225829812504,9.363711074182200,40.208681311556653,101.023600001738970
1089,ES.SDGC.BU.2357904YJ2725G,2020/12/18 00:00:00.000,functional,1933/01/01 00:00:00.000,2000/01/01 00:00:00.000, ,https://www1.sedecatastro.gob.es/CYCBienInmueble/OVCListaBienes.aspx?rc1=2357904&rc2=YJ2725G,2357904YJ2725G,2357904YJ2725G,ES.SDGC.BU,0.100000000000000,m,footPrint,1,1_residential,1,1, ,http://ovc.catastro.meh.es/OVCServWeb/OVCWcfLibres/OVCFotoFachada.svc/RecuperarFotoFachadaGet?ReferenciaCatastral=2357904YJ2725G,jpeg,NotOfficial,grossFloorArea,343,m2,87.500000000000000,1127.832916260000047,98.685380172750016,13.579108311770401,100.760353203834825,202.890237253970668
1090,ES.SDGC.BU.2357905YJ2725G,2020/12/18 00:00:00.000,functional,1930/01/01 00:00:00.000,2006/01/01 00:00:00.000, ,https://www1.sedecatastro.gob.es/CYCBienInmueble/OVCListaBienes.aspx?rc1=2357905&rc2=YJ2725G,2357905YJ2725G,2357905YJ2725G,ES.SDGC.BU,0.100000000000000,m,footPrint,1,1_residential,1,1, ,http://ovc.catastro.meh.es/OVCServWeb/OVCWcfLibres/OVCFotoFachada.svc/RecuperarFotoFachadaGet?ReferenciaCatastral=2357905YJ2725G,jpeg,NotOfficial,grossFloorArea,189,m2,68.750000000000000,1071.975868920000039,73.698340988249996,10.140891719983200,65.447981545267098,162.778099990860198
1091,ES.SDGC.BU.2357906YJ2725G,2020/12/18 00:00:00.000,functional,1928/01/01 00:00:00.000,1928/01/01 00:00:00.000, ,https://www1.sedecatastro.gob.es/CYCBienInmueble/OVCListaBienes.aspx?rc1=2357906&rc2=YJ2725G,2357906YJ2725G,2357906YJ2725G,ES.SDGC.BU,0.100000000000000,m,footPrint,1,1_residential,1,1, ,http://ovc.catastro.meh.es/OVCServWeb/OVCWcfLibres/OVCFotoFachada.svc/RecuperarFotoFachadaGet?ReferenciaCatastral=2357906YJ2725G,jpeg,NotOfficial,grossFloorArea,503,m2,93.750000000000000,1058.573376459999963,99.241254043124997,13.655596556333998,78.909823257184655,238.188694991922659
1092,ES.SDGC.BU.2357908YJ2725E,2020/12/18 00:00:00.000,functional,1966/01/01 00:00:00.000,1966/01/01 00:00:00.000, ,https://www1.sedecatastro.gob.es/CYCBienInmueble/OVCListaBienes.aspx?rc1=2357908&rc2=YJ2725E,2357908YJ2725E,2357908YJ2725E,ES.SDGC.BU,0.100000000000000,m,footPrint,1,1_residential,30,25, ,http://ovc.catastro.meh.es/OVCServWeb/OVCWcfLibres/OVCFotoFachada.svc/RecuperarFotoFachadaGet?ReferenciaCatastral=2357908YJ2725E,jpeg,NotOfficial,grossFloorArea,2191,m2,137.500000000000000,1144.534878819999903,157.373545837749987,21.654599907274399,81.720016568545148,405.343067861869486
1093,ES.SDGC.BU.2358501YJ2725G,2020/12/18 00:00:00.000,functional,1965/01/01 00:00:00.000,1965/01/01 00:00:00.000, ,https://www1.sedecatastro.gob.es/CYCBienInmueble/OVCListaBienes.aspx?rc1=2358501&rc2=YJ2725G,2358501YJ2725G,2358501YJ2725G,ES.SDGC.BU,0.100000000000000,m,footPrint,1,1_residential,18,18, ,http://ovc.catastro.meh.es/OVCServWeb/OVCWcfLibres/OVCFotoFachada.svc/RecuperarFotoFachadaGet?ReferenciaCatastral=2358501YJ2725G,jpeg,NotOfficial,grossFloorArea,1179,m2,175.000000000000000,1213.603092739999965,212.380541229500011,29.223562473179204,88.730294500010288,199.434450002171275
1094,ES.SDGC.BU.2358502YJ2725G,2020/12/18 00:00:00.000,functional,1965/01/01 00:00:00.000,1965/01/01 00:00:00.000, ,https://www1.sedecatastro.gob.es/CYCBienInmueble/OVCListaBienes.aspx?rc1=2358502&rc2=YJ2725G,2358502YJ2725G,2358502YJ2725G,ES.SDGC.BU,0.100000000000000,m,footPrint,1,1_residential,18,18, ,http://ovc.catastro.meh.es/OVCServWeb/OVCWcfLibres/OVCFotoFachada.svc/RecuperarFotoFachadaGet?ReferenciaCatastral=2358502YJ2725G,jpeg,NotOfficial,grossFloorArea,1094,m2,81.250000000000000,1229.356957069999908,99.885252761937494,13.744210780042598,83.200390880461811,188.207147499470921
1095,ES.SDGC.BU.2358701YJ2725G,2020/12/18 00:00:00.000,functional,1987/01/01 00:00:00.000,1987/01/01 00:00:00.000, ,https://www1.sedecatastro.gob.es/CYCBienInmueble/OVCListaBienes.aspx?rc1=2358701&rc2=YJ2725G,2358701YJ2725G,2358701YJ2725G,ES.SDGC.BU,0.100000000000000,m,footPrint,1,3_industrial,1,0, ,http://ovc.catastro.meh.es/OVCServWeb/OVCWcfLibres/OVCFotoFachada.svc/RecuperarFotoFachadaGet?ReferenciaCatastral=2358701YJ2725G,jpeg,NotOfficial,grossFloorArea,1275,m2,156.250000000000000,1151.070485839999947,179.854763412500006,24.748015445560004,71.534828887150738,269.328377466486586
1096,ES.SDGC.BU.2358702YJ2725G,2020/12/18 00:00:00.000,functional,1946/01/01 00:00:00.000,1946/01/01 00:00:00.000, ,https://www1.sedecatastro.gob.es/CYCBienInmueble/OVCListaBienes.aspx?rc1=2358702&rc2=YJ2725G,2358702YJ2725G,2358702YJ2725G,ES.SDGC.BU,0.100000000000000,m,footPrint,1,1_residential,4,4, ,http://ovc.catastro.meh.es/OVCServWeb/OVCWcfLibres/OVCFotoFachada.svc/RecuperarFotoFachadaGet?ReferenciaCatastral=2358702YJ2725G,jpeg,NotOfficial,grossFloorArea,304,m2,50.000000000000000,947.328735351999967,47.366436767600000,6.517621699221760,51.615381630042826,153.674167502940719
1097,ES.SDGC.BU.2358703YJ2725G,2020/12/18 00:00:00.000,declined,1930/01/01 00:00:00.000,1930/01/01 00:00:00.000, ,https://www1.sedecatastro.gob.es/CYCBienInmueble/OVCListaBienes.aspx?rc1=2358703&rc2=YJ2725G,2358703YJ2725G,2358703YJ2725G,ES.SDGC.BU,0.100000000000000,m,footPrint,1,3_industrial,1,0, ,http://ovc.catastro.meh.es/OVCServWeb/OVCWcfLibres/OVCFotoFachada.svc/RecuperarFotoFachadaGet?ReferenciaCatastral=2358703YJ2725G,jpeg,NotOfficial,grossFloorArea,43,m2,31.250000000000000,1020.555554199999960,31.892361068749999,4.388388883059999,32.152333606135528,42.797425002323834
1098,ES.SDGC.BU.2358704YJ2725G,2020/12/18 00:00:00.000,functional,1930/01/01 00:00:00.000,1930/01/01 00:00:00.000, ,https://www1.sedecatastro.gob.es/CYCBienInmueble/OVCListaBienes.aspx?rc1=2358704&rc2=YJ2725G,2358704YJ2725G,2358704YJ2725G,ES.SDGC.BU,0.100000000000000,m,footPrint,1,3_industrial,1,0, ,http://ovc.catastro.meh.es/OVCServWeb/OVCWcfLibres/OVCFotoFachada.svc/RecuperarFotoFachadaGet?ReferenciaCatastral=2358704YJ2725G,jpeg,NotOfficial,grossFloorArea,62,m2,62.500000000000000,1212.844140630000084,75.802758789375005,10.430459609418000,32.838514442841621,61.538596493816272
1099,ES.SDGC.BU.2358706YJ2725G,2020/12/18 00:00:00.000,functional,1946/01/01 00:00:00.000,1946/01/01 00:00:00.000, ,https://www1.sedecatastro.gob.es/CYCBienInmueble/OVCListaBienes.aspx?rc1=2358706&rc2=YJ2725G,2358706YJ2725G,2358706YJ2725G,ES.SDGC.BU,0.100000000000000,m,footPrint,1,1_residential,4,4, ,http://ovc.catastro.meh.es/OVCServWeb/OVCWcfLibres/OVCFotoFachada.svc/RecuperarFotoFachadaGet?ReferenciaCatastral=2358706YJ2725G,jpeg,NotOfficial,grossFloorArea,266,m2,68.750000000000000,1213.685852049999994,83.440902328437502,11.481468160393000,69.589564513336725,148.505822993413972
1100,ES.SDGC.BU.2358707YJ2725G,2020/12/18 00:00:00.000,declined,1946/01/01 00:00:00.000,1946/01/01 00:00:00.000, ,https://www1.sedecatastro.gob.es/CYCBienInmueble/OVCListaBienes.aspx?rc1=2358707&rc2=YJ2725G,2358707YJ2725G,2358707YJ2725G,ES.SDGC.BU,0.100000000000000,m,footPrint,1,3_industrial,2,0, ,http://ovc.catastro.meh.es/OVCServWeb/OVCWcfLibres/OVCFotoFachada.svc/RecuperarFotoFachadaGet?ReferenciaCatastral=2358707YJ2725G,jpeg,NotOfficial,grossFloorArea,261,m2,81.250000000000000,1247.592707710000013,101.366907501437495,13.948086472197797,58.391380486375688,180.288776495897281
1101,ES.SDGC.BU.2358708YJ2725G,2020/12/18 00:00:00.000,declined,1946/01/01 00:00:00.000,1946/01/01 00:00:00.000, ,https://www1.sedecatastro.gob.es/CYCBienInmueble/OVCListaBienes.aspx?rc1=2358708&rc2=YJ2725G,2358708YJ2725G,2358708YJ2725G,ES.SDGC.BU,0.100000000000000,m,footPrint,1,1_residential,4,4, ,http://ovc.catastro.meh.es/OVCServWeb/OVCWcfLibres/OVCFotoFachada.svc/RecuperarFotoFachadaGet?ReferenciaCatastral=2358708YJ2725G,jpeg,NotOfficial,grossFloorArea,368,m2,125.000000000000000,1208.014642330000015,151.001830291250002,20.777851848076001,83.816761247874240,205.504600999157248
1102,ES.SDGC.BU.2358709YJ2725G,2020/12/18 00:00:00.000,functional,1946/01/01 00:00:00.000,1946/01/01 00:00:00.000, ,https://www1.sedecatastro.gob.es/CYCBienInmueble/OVCListaBienes.aspx?rc1=2358709&rc2=YJ2725G,2358709YJ2725G,2358709YJ2725G,ES.SDGC.BU,0.100000000000000,m,footPrint,1,1_residential,4,4, ,http://ovc.catastro.meh.es/OVCServWeb/OVCWcfLibres/OVCFotoFachada.svc/RecuperarFotoFachadaGet?ReferenciaCatastral=2358709YJ2725G,jpeg,NotOfficial,grossFloorArea,386,m2,137.500000000000000,1175.566630970000006,161.640411758374995,22.241720657952399,71.981087273493387,210.768654005329523
1103,ES.SDGC.BU.2358710YJ2725G,2020/12/18 00:00:00.000,functional,1924/01/01 00:00:00.000,1924/01/01 00:00:00.000, ,https://www1.sedecatastro.gob.es/CYCBienInmueble/OVCListaBienes.aspx?rc1=2358710&rc2=YJ2725G,2358710YJ2725G,2358710YJ2725G,ES.SDGC.BU,0.100000000000000,m,footPrint,1,1_residential,1,1, ,http://ovc.catastro.meh.es/OVCServWeb/OVCWcfLibres/OVCFotoFachada.svc/RecuperarFotoFachadaGet?ReferenciaCatastral=2358710YJ2725G,jpeg,NotOfficial,grossFloorArea,305,m2,93.750000000000000,1157.596370440000101,108.524659728750009,14.932993178676000,93.585737735484145,190.387498998694809
1104,ES.SDGC.BU.2358711YJ2725G,2020/12/18 00:00:00.000,functional,1925/01/01 00:00:00.000,1925/01/01 00:00:00.000, ,https://www1.sedecatastro.gob.es/CYCBienInmueble/OVCListaBienes.aspx?rc1=2358711&rc2=YJ2725G,2358711YJ2725G,2358711YJ2725G,ES.SDGC.BU,0.100000000000000,m,footPrint,1,1_residential,1,1, ,http://ovc.catastro.meh.es/OVCServWeb/OVCWcfLibres/OVCFotoFachada.svc/RecuperarFotoFachadaGet?ReferenciaCatastral=2358711YJ2725G,jpeg,NotOfficial,grossFloorArea,137,m2,37.500000000000000,1213.730183919999945,45.514881897000002,6.262847749027200,55.371954617038732,81.427230000702920
1105,ES.SDGC.BU.2358712YJ2725G,2020/12/18 00:00:00.000,functional,1925/01/01 00:00:00.000,1925/01/01 00:00:00.000, ,https://www1.sedecatastro.gob.es/CYCBienInmueble/OVCListaBienes.aspx?rc1=2358712&rc2=YJ2725G,2358712YJ2725G,2358712YJ2725G,ES.SDGC.BU,0.100000000000000,m,footPrint,1,1_residential,1,1, ,http://ovc.catastro.meh.es/OVCServWeb/OVCWcfLibres/OVCFotoFachada.svc/RecuperarFotoFachadaGet?ReferenciaCatastral=2358712YJ2725G,jpeg,NotOfficial,grossFloorArea,133,m2,43.750000000000000,1110.479387560000077,48.583473205750003,6.685085913111201,53.030755118064917,83.703660497205192
1106,ES.SDGC.BU.2358713YJ2725G,2020/12/18 00:00:00.000,functional,1923/01/01 00:00:00.000,1923/01/01 00:00:00.000, ,https://www1.sedecatastro.gob.es/CYCBienInmueble/OVCListaBienes.aspx?rc1=2358713&rc2=YJ2725G,2358713YJ2725G,2358713YJ2725G,ES.SDGC.BU,0.100000000000000,m,footPrint,1,1_residential,1,1, ,http://ovc.catastro.meh.es/OVCServWeb/OVCWcfLibres/OVCFotoFachada.svc/RecuperarFotoFachadaGet?ReferenciaCatastral=2358713YJ2725G,jpeg,NotOfficial,grossFloorArea,106,m2,31.250000000000000,1116.618139650000103,34.894316864062503,4.801458000495000,60.018707602404803,106.027076512296986
1107,ES.SDGC.BU.2358715YJ2725G,2020/12/18 00:00:00.000,functional,1965/01/01 00:00:00.000,1965/01/01 00:00:00.000, ,https://www1.sedecatastro.gob.es/CYCBienInmueble/OVCListaBienes.aspx?rc1=2358715&rc2=YJ2725G,2358715YJ2725G,2358715YJ2725G,ES.SDGC.BU,0.100000000000000,m,footPrint,1,1_residential,18,18, ,http://ovc.catastro.meh.es/OVCServWeb/OVCWcfLibres/OVCFotoFachada.svc/RecuperarFotoFachadaGet?ReferenciaCatastral=2358715YJ2725G,jpeg,NotOfficial,grossFloorArea,1132,m2,112.500000000000000,1162.467627629999924,130.777608108374977,17.994998875712398,89.497331503018614,198.223777506433095
1108,ES.SDGC.BU.2358716YJ2725G,2020/12/18 00:00:00.000,functional,1965/01/01 00:00:00.000,1965/01/01 00:00:00.000, ,https://www1.sedecatastro.gob.es/CYCBienInmueble/OVCListaBienes.aspx?rc1=2358716&rc2=YJ2725G,2358716YJ2725G,2358716YJ2725G,ES.SDGC.BU,0.100000000000000,m,footPrint,1,1_residential,18,18, ,http://ovc.catastro.meh.es/OVCServWeb/OVCWcfLibres/OVCFotoFachada.svc/RecuperarFotoFachadaGet?ReferenciaCatastral=2358716YJ2725G,jpeg,NotOfficial,grossFloorArea,1141,m2,118.750000000000000,1230.355616520000012,146.104729461750026,20.104010773936803,85.891974582907366,197.796138507316101
1109,ES.SDGC.BU.2358718YJ2725G,2020/12/18 00:00:00.000,functional,2000/01/01 00:00:00.000,2000/01/01 00:00:00.000, ,https://www1.sedecatastro.gob.es/CYCBienInmueble/OVCListaBienes.aspx?rc1=2358718&rc2=YJ2725G,2358718YJ2725G,2358718YJ2725G,ES.SDGC.BU,0.100000000000000,m,footPrint,1,3_industrial,1,0, ,http://ovc.catastro.meh.es/OVCServWeb/OVCWcfLibres/OVCFotoFachada.svc/RecuperarFotoFachadaGet?ReferenciaCatastral=2358718YJ2725G,jpeg,NotOfficial,grossFloorArea,367,m2,243.750000000000000,1177.399335809999911,286.991088103687503,39.489973723067401,80.654974667239173,366.099521504508743
1110,ES.SDGC.BU.2358719YJ2725G,2020/12/18 00:00:00.000,functional,2000/01/01 00:00:00.000,2000/01/01 00:00:00.000, ,https://www1.sedecatastro.gob.es/CYCBienInmueble/OVCListaBienes.aspx?rc1=2358719&rc2=YJ2725G,2358719YJ2725G,2358719YJ2725G,ES.SDGC.BU,0.100000000000000,m,footPrint,1,3_industrial,1,0, ,http://ovc.catastro.meh.es/OVCServWeb/OVCWcfLibres/OVCFotoFachada.svc/RecuperarFotoFachadaGet?ReferenciaCatastral=2358719YJ2725G,jpeg,NotOfficial,grossFloorArea,124,m2,93.750000000000000,1140.791923009999891,106.949242782187483,14.716215806828998,48.054501137518614,123.924573684155988
1111,ES.SDGC.BU.2358720YJ2725G,2020/12/18 00:00:00.000,functional,1966/01/01 00:00:00.000,1966/01/01 00:00:00.000, ,https://www1.sedecatastro.gob.es/CYCBienInmueble/OVCListaBienes.aspx?rc1=2358720&rc2=YJ2725G,2358720YJ2725G,2358720YJ2725G,ES.SDGC.BU,0.100000000000000,m,footPrint,1,1_residential,9,8, ,http://ovc.catastro.meh.es/OVCServWeb/OVCWcfLibres/OVCFotoFachada.svc/RecuperarFotoFachadaGet?ReferenciaCatastral=2358720YJ2725G,jpeg,NotOfficial,grossFloorArea,992,m2,100.000000000000000,965.863185883000028,96.586318588300003,13.290277437750079,75.051988190973660,301.184167991277945
1112,ES.SDGC.BU.2358721YJ2725G,2020/12/18 00:00:00.000,functional,1966/01/01 00:00:00.000,1966/01/01 00:00:00.000, ,https://www1.sedecatastro.gob.es/CYCBienInmueble/OVCListaBienes.aspx?rc1=2358721&rc2=YJ2725G,2358721YJ2725G,2358721YJ2725G,ES.SDGC.BU,0.100000000000000,m,footPrint,1,1_residential,12,11, ,http://ovc.catastro.meh.es/OVCServWeb/OVCWcfLibres/OVCFotoFachada.svc/RecuperarFotoFachadaGet?ReferenciaCatastral=2358721YJ2725G,jpeg,NotOfficial,grossFloorArea,1109,m2,125.000000000000000,948.773504638999952,118.596688079874994,16.318904279790800,84.589537945632046,398.709183492696241
1113,ES.SDGC.BU.2359201YJ2725G,2001/11/19 00:00:00.000,functional,1934/01/01 00:00:00.000,1934/01/01 00:00:00.000, ,https://www1.sedecatastro.gob.es/CYCBienInmueble/OVCListaBienes.aspx?rc1=2359201&rc2=YJ2725G,2359201YJ2725G,2359201YJ2725G,ES.SDGC.BU,0.100000000000000,m,footPrint,1,1_residential,1,1, ,http://ovc.catastro.meh.es/OVCServWeb/OVCWcfLibres/OVCFotoFachada.svc/RecuperarFotoFachadaGet?ReferenciaCatastral=2359201YJ2725G,jpeg,NotOfficial,grossFloorArea,134,m2,75.000000000000000,1098.187052409999978,82.364028930749996,11.333290380871199,50.065972051248963,78.542681128959330
1114,ES.SDGC.BU.2359202YJ2725G,2001/11/19 00:00:00.000,functional,1932/01/01 00:00:00.000,1932/01/01 00:00:00.000, ,https://www1.sedecatastro.gob.es/CYCBienInmueble/OVCListaBienes.aspx?rc1=2359202&rc2=YJ2725G,2359202YJ2725G,2359202YJ2725G,ES.SDGC.BU,0.100000000000000,m,footPrint,1,1_residential,1,1, ,http://ovc.catastro.meh.es/OVCServWeb/OVCWcfLibres/OVCFotoFachada.svc/RecuperarFotoFachadaGet?ReferenciaCatastral=2359202YJ2725G,jpeg,NotOfficial,grossFloorArea,110,m2,6.250000000000000,976.417297362999989,6.102608108518750,0.839718875732180,55.647249905182441,109.696399992561339
1115,ES.SDGC.BU.2359203YJ2725G,2001/11/19 00:00:00.000,functional,1906/01/01 00:00:00.000,1906/01/01 00:00:00.000, ,https://www1.sedecatastro.gob.es/CYCBienInmueble/OVCListaBienes.aspx?rc1=2359203&rc2=YJ2725G,2359203YJ2725G,2359203YJ2725G,ES.SDGC.BU,0.100000000000000,m,footPrint,1,1_residential,2,2, ,http://ovc.catastro.meh.es/OVCServWeb/OVCWcfLibres/OVCFotoFachada.svc/RecuperarFotoFachadaGet?ReferenciaCatastral=2359203YJ2725G,jpeg,NotOfficial,grossFloorArea,158,m2,18.750000000000000,980.171427408999989,18.378214263918750,2.528842282715220,49.052307584524016,85.858993261121398
1116,ES.SDGC.BU.2359402YJ2725G,2001/11/19 00:00:00.000,functional,1930/01/01 00:00:00.000,1930/01/01 00:00:00.000, ,https://www1.sedecatastro.gob.es/CYCBienInmueble/OVCListaBienes.aspx?rc1=2359402&rc2=YJ2725G,2359402YJ2725G,2359402YJ2725G,ES.SDGC.BU,0.100000000000000,m,footPrint,1,1_residential,1,1, ,http://ovc.catastro.meh.es/OVCServWeb/OVCWcfLibres/OVCFotoFachada.svc/RecuperarFotoFachadaGet?ReferenciaCatastral=2359402YJ2725G,jpeg,NotOfficial,grossFloorArea,73,m2,31.250000000000000,1056.572167970000010,33.017880249062500,4.543260322271000,44.767712177446739,67.576500005800270
1117,ES.SDGC.BU.2359403YJ2725G,2001/11/19 00:00:00.000,functional,1930/01/01 00:00:00.000,1930/01/01 00:00:00.000, ,https://www1.sedecatastro.gob.es/CYCBienInmueble/OVCListaBienes.aspx?rc1=2359403&rc2=YJ2725G,2359403YJ2725G,2359403YJ2725G,ES.SDGC.BU,0.100000000000000,m,footPrint,1,1_residential,1,1, ,http://ovc.catastro.meh.es/OVCServWeb/OVCWcfLibres/OVCFotoFachada.svc/RecuperarFotoFachadaGet?ReferenciaCatastral=2359403YJ2725G,jpeg,NotOfficial,grossFloorArea,151,m2,50.000000000000000,1176.635498050000024,58.831774902500001,8.095252226584000,51.556174535263700,80.168577501393983
1118,ES.SDGC.BU.2359404YJ2725G,2001/11/19 00:00:00.000,functional,1960/01/01 00:00:00.000,1960/01/01 00:00:00.000, ,https://www1.sedecatastro.gob.es/CYCBienInmueble/OVCListaBienes.aspx?rc1=2359404&rc2=YJ2725G,2359404YJ2725G,2359404YJ2725G,ES.SDGC.BU,0.100000000000000,m,footPrint,1,3_industrial,1,0, ,http://ovc.catastro.meh.es/OVCServWeb/OVCWcfLibres/OVCFotoFachada.svc/RecuperarFotoFachadaGet?ReferenciaCatastral=2359404YJ2725G,jpeg,NotOfficial,grossFloorArea,112,m2,56.250000000000000,1176.467569989999902,66.176300811937494,9.105858991722599,55.963427768959072,119.315392498577083
1119,ES.SDGC.BU.2359406YJ2725G,2001/11/19 00:00:00.000,functional,1930/01/01 00:00:00.000,1930/01/01 00:00:00.000, ,https://www1.sedecatastro.gob.es/CYCBienInmueble/OVCListaBienes.aspx?rc1=2359406&rc2=YJ2725G,2359406YJ2725G,2359406YJ2725G,ES.SDGC.BU,0.100000000000000,m,footPrint,1,1_residential,1,1, ,http://ovc.catastro.meh.es/OVCServWeb/OVCWcfLibres/OVCFotoFachada.svc/RecuperarFotoFachadaGet?ReferenciaCatastral=2359406YJ2725G,jpeg,NotOfficial,grossFloorArea,90,m2,18.750000000000000,1200.344238279999900,22.506454467749997,3.096888134762400,76.124234887161293,89.018750011487867
1120,ES.SDGC.BU.2359408YJ2725G,2001/11/19 00:00:00.000,functional,1930/01/01 00:00:00.000,1930/01/01 00:00:00.000, ,https://www1.sedecatastro.gob.es/CYCBienInmueble/OVCListaBienes.aspx?rc1=2359408&rc2=YJ2725G,2359408YJ2725G,2359408YJ2725G,ES.SDGC.BU,0.100000000000000,m,footPrint,1,1_residential,1,1, ,http://ovc.catastro.meh.es/OVCServWeb/OVCWcfLibres/OVCFotoFachada.svc/RecuperarFotoFachadaGet?ReferenciaCatastral=2359408YJ2725G,jpeg,NotOfficial,grossFloorArea,80,m2,18.750000000000000,975.392700194999975,18.288613128656248,2.516513166503100,47.726835028310362,79.819750009953040
1121,ES.SDGC.BU.2359409YJ2725G,2001/11/19 00:00:00.000,functional,1961/01/01 00:00:00.000,1961/01/01 00:00:00.000, ,https://www1.sedecatastro.gob.es/CYCBienInmueble/OVCListaBienes.aspx?rc1=2359409&rc2=YJ2725G,2359409YJ2725G,2359409YJ2725G,ES.SDGC.BU,0.100000000000000,m,footPrint,1,1_residential,2,2, ,http://ovc.catastro.meh.es/OVCServWeb/OVCWcfLibres/OVCFotoFachada.svc/RecuperarFotoFachadaGet?ReferenciaCatastral=2359409YJ2725G,jpeg,NotOfficial,grossFloorArea,187,m2,62.500000000000000,1114.769525149999936,69.673095321874996,9.587017916290000,48.423183684810347,103.504599987510218
1122,ES.SDGC.BU.2359410YJ2725G,2001/11/19 00:00:00.000,functional,1922/01/01 00:00:00.000,1922/01/01 00:00:00.000, ,https://www1.sedecatastro.gob.es/CYCBienInmueble/OVCListaBienes.aspx?rc1=2359410&rc2=YJ2725G,2359410YJ2725G,2359410YJ2725G,ES.SDGC.BU,0.100000000000000,m,footPrint,1,1_residential,1,1, ,http://ovc.catastro.meh.es/OVCServWeb/OVCWcfLibres/OVCFotoFachada.svc/RecuperarFotoFachadaGet?ReferenciaCatastral=2359410YJ2725G,jpeg,NotOfficial,grossFloorArea,99,m2,50.000000000000000,1117.175247189999936,55.858762359499998,7.686165700667201,45.412216630183238,99.527949997809898
1123,ES.SDGC.BU.2359415YJ2725G,2016/10/18 00:00:00.000,functional,1997/01/01 00:00:00.000,1997/01/01 00:00:00.000, ,https://www1.sedecatastro.gob.es/CYCBienInmueble/OVCListaBienes.aspx?rc1=2359415&rc2=YJ2725G,2359415YJ2725G,2359415YJ2725G,ES.SDGC.BU,0.100000000000000,m,footPrint,1,1_residential,1,1, ,http://ovc.catastro.meh.es/OVCServWeb/OVCWcfLibres/OVCFotoFachada.svc/RecuperarFotoFachadaGet?ReferenciaCatastral=2359415YJ2725G,jpeg,NotOfficial,grossFloorArea,150,m2,37.500000000000000,970.341217041000050,36.387795639037506,5.006960679931561,39.172482981991052,92.682341129453050
1124,ES.SDGC.BU.2359416YJ2725G,2016/04/05 00:00:00.000,functional,1927/01/01 00:00:00.000,1998/01/01 00:00:00.000, ,https://www1.sedecatastro.gob.es/CYCBienInmueble/OVCListaBienes.aspx?rc1=2359416&rc2=YJ2725G,2359416YJ2725G,2359416YJ2725G,ES.SDGC.BU,0.100000000000000,m,footPrint,1,1_residential,1,1, ,http://ovc.catastro.meh.es/OVCServWeb/OVCWcfLibres/OVCFotoFachada.svc/RecuperarFotoFachadaGet?ReferenciaCatastral=2359416YJ2725G,jpeg,NotOfficial,grossFloorArea,138,m2,56.250000000000000,1116.177571610000086,62.784988403062506,8.639214404261400,44.728173602918844,91.406326497645921
1125,ES.SDGC.BU.2359417YJ2725G,2001/11/19 00:00:00.000,functional,1927/01/01 00:00:00.000,1927/01/01 00:00:00.000, ,https://www1.sedecatastro.gob.es/CYCBienInmueble/OVCListaBienes.aspx?rc1=2359417&rc2=YJ2725G,2359417YJ2725G,2359417YJ2725G,ES.SDGC.BU,0.100000000000000,m,footPrint,1,1_residential,1,1, ,http://ovc.catastro.meh.es/OVCServWeb/OVCWcfLibres/OVCFotoFachada.svc/RecuperarFotoFachadaGet?ReferenciaCatastral=2359417YJ2725G,jpeg,NotOfficial,grossFloorArea,137,m2,81.250000000000000,1217.442749020000065,98.917223357875002,13.611009934043601,70.784578498583215,137.191134994442820
1126,ES.SDGC.BU.2359418YJ2725G,2016/08/10 00:00:00.000,functional,1930/01/01 00:00:00.000,2004/01/01 00:00:00.000, ,https://www1.sedecatastro.gob.es/CYCBienInmueble/OVCListaBienes.aspx?rc1=2359418&rc2=YJ2725G,2359418YJ2725G,2359418YJ2725G,ES.SDGC.BU,0.100000000000000,m,footPrint,1,1_residential,1,1, ,http://ovc.catastro.meh.es/OVCServWeb/OVCWcfLibres/OVCFotoFachada.svc/RecuperarFotoFachadaGet?ReferenciaCatastral=2359418YJ2725G,jpeg,NotOfficial,grossFloorArea,170,m2,112.500000000000000,1171.096021860000064,131.748302459249999,18.128566418392801,75.068222114232853,169.591065230220437
1127,ES.SDGC.BU.2359419YJ2725G,2001/11/19 00:00:00.000,functional,1952/01/01 00:00:00.000,1952/01/01 00:00:00.000, ,https://www1.sedecatastro.gob.es/CYCBienInmueble/OVCListaBienes.aspx?rc1=2359419&rc2=YJ2725G,2359419YJ2725G,2359419YJ2725G,ES.SDGC.BU,0.100000000000000,m,footPrint,1,1_residential,4,4, ,http://ovc.catastro.meh.es/OVCServWeb/OVCWcfLibres/OVCFotoFachada.svc/RecuperarFotoFachadaGet?ReferenciaCatastral=2359419YJ2725G,jpeg,NotOfficial,grossFloorArea,219,m2,81.250000000000000,1107.331439679999903,89.970679473999994,12.379965495622399,63.802491806135002,121.418200002595043
1128,ES.SDGC.BU.2359420YJ2725G,2016/08/10 00:00:00.000,functional,1952/01/01 00:00:00.000,2010/01/01 00:00:00.000, ,https://www1.sedecatastro.gob.es/CYCBienInmueble/OVCListaBienes.aspx?rc1=2359420&rc2=YJ2725G,2359420YJ2725G,2359420YJ2725G,ES.SDGC.BU,0.100000000000000,m,footPrint,1,1_residential,1,1, ,http://ovc.catastro.meh.es/OVCServWeb/OVCWcfLibres/OVCFotoFachada.svc/RecuperarFotoFachadaGet?ReferenciaCatastral=2359420YJ2725G,jpeg,NotOfficial,grossFloorArea,138,m2,25.000000000000000,1119.545608520000087,27.988640213000004,3.851236893308800,35.474860902669711,68.847399997229132
1129,ES.SDGC.BU.2359423YJ2725G,2001/11/19 00:00:00.000,functional,1924/01/01 00:00:00.000,1924/01/01 00:00:00.000, ,https://www1.sedecatastro.gob.es/CYCBienInmueble/OVCListaBienes.aspx?rc1=2359423&rc2=YJ2725G,2359423YJ2725G,2359423YJ2725G,ES.SDGC.BU,0.100000000000000,m,footPrint,1,1_residential,2,2, ,http://ovc.catastro.meh.es/OVCServWeb/OVCWcfLibres/OVCFotoFachada.svc/RecuperarFotoFachadaGet?ReferenciaCatastral=2359423YJ2725G,jpeg,NotOfficial,grossFloorArea,116,m2,50.000000000000000,1134.391304020000007,56.719565200999995,7.804612171657600,34.825991069046161,67.582783500513287
1130,ES.SDGC.BU.2359426YJ2725G,2001/11/19 00:00:00.000,functional,1923/01/01 00:00:00.000,1923/01/01 00:00:00.000, ,https://www1.sedecatastro.gob.es/CYCBienInmueble/OVCListaBienes.aspx?rc1=2359426&rc2=YJ2725G,2359426YJ2725G,2359426YJ2725G,ES.SDGC.BU,0.100000000000000,m,footPrint,1,1_residential,1,1, ,http://ovc.catastro.meh.es/OVCServWeb/OVCWcfLibres/OVCFotoFachada.svc/RecuperarFotoFachadaGet?ReferenciaCatastral=2359426YJ2725G,jpeg,NotOfficial,grossFloorArea,65,m2,31.250000000000000,1058.042822269999988,33.063838195937500,4.549584135761000,47.760519793405955,65.775306200122543
1131,ES.SDGC.BU.2359427YJ2725G,2016/10/18 00:00:00.000,functional,2013/01/01 00:00:00.000,2013/01/01 00:00:00.000, ,https://www1.sedecatastro.gob.es/CYCBienInmueble/OVCListaBienes.aspx?rc1=2359427&rc2=YJ2725G,2359427YJ2725G,2359427YJ2725G,ES.SDGC.BU,0.100000000000000,m,footPrint,1,1_residential,1,1, ,http://ovc.catastro.meh.es/OVCServWeb/OVCWcfLibres/OVCFotoFachada.svc/RecuperarFotoFachadaGet?ReferenciaCatastral=2359427YJ2725G,jpeg,NotOfficial,grossFloorArea,166,m2,37.500000000000000,1155.377990720000071,43.326674652000001,5.961750432115200,37.252192137523664,69.067455526189761
1132,ES.SDGC.BU.2359428YJ2725G,2001/11/19 00:00:00.000,functional,1969/01/01 00:00:00.000,1969/01/01 00:00:00.000, ,https://www1.sedecatastro.gob.es/CYCBienInmueble/OVCListaBienes.aspx?rc1=2359428&rc2=YJ2725G,2359428YJ2725G,2359428YJ2725G,ES.SDGC.BU,0.100000000000000,m,footPrint,1,1_residential,3,2, ,http://ovc.catastro.meh.es/OVCServWeb/OVCWcfLibres/OVCFotoFachada.svc/RecuperarFotoFachadaGet?ReferenciaCatastral=2359428YJ2725G,jpeg,NotOfficial,grossFloorArea,279,m2,43.750000000000000,1081.461669920000077,47.313948059000005,6.510399252918400,51.952230791546903,105.699363078312430
1133,ES.SDGC.BU.2359429YJ2725G,2001/11/19 00:00:00.000,functional,1922/01/01 00:00:00.000,1922/01/01 00:00:00.000, ,https://www1.sedecatastro.gob.es/CYCBienInmueble/OVCListaBienes.aspx?rc1=2359429&rc2=YJ2725G,2359429YJ2725G,2359429YJ2725G,ES.SDGC.BU,0.100000000000000,m,footPrint,1,1_residential,1,1, ,http://ovc.catastro.meh.es/OVCServWeb/OVCWcfLibres/OVCFotoFachada.svc/RecuperarFotoFachadaGet?ReferenciaCatastral=2359429YJ2725G,jpeg,NotOfficial,grossFloorArea,75,m2,31.250000000000000,1008.787036130000047,31.524594879062501,4.337784255359000,37.989287892272856,75.204750002162527
1134,ES.SDGC.BU.2359430YJ2725G,2001/11/19 00:00:00.000,functional,1921/01/01 00:00:00.000,1921/01/01 00:00:00.000, ,https://www1.sedecatastro.gob.es/CYCBienInmueble/OVCListaBienes.aspx?rc1=2359430&rc2=YJ2725G,2359430YJ2725G,2359430YJ2725G,ES.SDGC.BU,0.100000000000000,m,footPrint,1,1_residential,1,1, ,http://ovc.catastro.meh.es/OVCServWeb/OVCWcfLibres/OVCFotoFachada.svc/RecuperarFotoFachadaGet?ReferenciaCatastral=2359430YJ2725G,jpeg,NotOfficial,grossFloorArea,81,m2,43.750000000000000,1048.317435129999922,45.863887786937497,6.310870959482600,46.705877510640249,79.860450004021814
1135,ES.SDGC.BU.2359431YJ2725G,2001/11/19 00:00:00.000,functional,1920/01/01 00:00:00.000,1920/01/01 00:00:00.000, ,https://www1.sedecatastro.gob.es/CYCBienInmueble/OVCListaBienes.aspx?rc1=2359431&rc2=YJ2725G,2359431YJ2725G,2359431YJ2725G,ES.SDGC.BU,0.100000000000000,m,footPrint,1,1_residential,1,1, ,http://ovc.catastro.meh.es/OVCServWeb/OVCWcfLibres/OVCFotoFachada.svc/RecuperarFotoFachadaGet?ReferenciaCatastral=2359431YJ2725G,jpeg,NotOfficial,grossFloorArea,81,m2,31.250000000000000,1105.658715819999998,34.551834869375000,4.754332478026001,56.465724052980342,81.305349999066991
1136,ES.SDGC.BU.2359432YJ2725G,2001/11/19 00:00:00.000,functional,1920/01/01 00:00:00.000,1920/01/01 00:00:00.000, ,https://www1.sedecatastro.gob.es/CYCBienInmueble/OVCListaBienes.aspx?rc1=2359432&rc2=YJ2725G,2359432YJ2725G,2359432YJ2725G,ES.SDGC.BU,0.100000000000000,m,footPrint,1,1_residential,1,1, ,http://ovc.catastro.meh.es/OVCServWeb/OVCWcfLibres/OVCFotoFachada.svc/RecuperarFotoFachadaGet?ReferenciaCatastral=2359432YJ2725G,jpeg,NotOfficial,grossFloorArea,83,m2,31.250000000000000,1057.290478520000079,33.040327453750002,4.546349057636000,59.970161269341808,82.672949511249044
1137,ES.SDGC.BU.2359433YJ2725G,2006/10/03 00:00:00.000,functional,2006/01/01 00:00:00.000,2006/01/01 00:00:00.000, ,https://www1.sedecatastro.gob.es/CYCBienInmueble/OVCListaBienes.aspx?rc1=2359433&rc2=YJ2725G,2359433YJ2725G,2359433YJ2725G,ES.SDGC.BU,0.100000000000000,m,footPrint,1,1_residential,1,1, ,http://ovc.catastro.meh.es/OVCServWeb/OVCWcfLibres/OVCFotoFachada.svc/RecuperarFotoFachadaGet?ReferenciaCatastral=2359433YJ2725G,jpeg,NotOfficial,grossFloorArea,157,m2,31.250000000000000,1014.248913570000013,31.695278549062500,4.361270328351000,39.942878199564433,76.842230497755082
1138,ES.SDGC.BU.2359434YJ2725G,2001/11/19 00:00:00.000,functional,1920/01/01 00:00:00.000,1920/01/01 00:00:00.000, ,https://www1.sedecatastro.gob.es/CYCBienInmueble/OVCListaBienes.aspx?rc1=2359434&rc2=YJ2725G,2359434YJ2725G,2359434YJ2725G,ES.SDGC.BU,0.100000000000000,m,footPrint,1,3_industrial,1,0, ,http://ovc.catastro.meh.es/OVCServWeb/OVCWcfLibres/OVCFotoFachada.svc/RecuperarFotoFachadaGet?ReferenciaCatastral=2359434YJ2725G,jpeg,NotOfficial,grossFloorArea,85,m2,37.500000000000000,1020.381408689999944,38.264302825874999,5.265168068840400,39.288066867414663,84.701300846804301
1139,ES.SDGC.BU.2359435YJ2725G,2022/03/08 00:00:00.000,functional,1920/01/01 00:00:00.000,1970/01/01 00:00:00.000, ,https://www1.sedecatastro.gob.es/CYCBienInmueble/OVCListaBienes.aspx?rc1=2359435&rc2=YJ2725G,2359435YJ2725G,2359435YJ2725G,ES.SDGC.BU,0.100000000000000,m,footPrint,1,1_residential,1,1, ,http://ovc.catastro.meh.es/OVCServWeb/OVCWcfLibres/OVCFotoFachada.svc/RecuperarFotoFachadaGet?ReferenciaCatastral=2359435YJ2725G,jpeg,NotOfficial,grossFloorArea,127,m2,56.250000000000000,1110.214409720000049,62.449560546750007,8.593059531232800,39.341680899567393,92.000756027161998
1140,ES.SDGC.BU.2359436YJ2725G,2019/10/11 00:00:00.000,functional,1920/01/01 00:00:00.000,2007/01/01 00:00:00.000, ,https://www1.sedecatastro.gob.es/CYCBienInmueble/OVCListaBienes.aspx?rc1=2359436&rc2=YJ2725G,2359436YJ2725G,2359436YJ2725G,ES.SDGC.BU,0.100000000000000,m,footPrint,1,1_residential,1,1, ,http://ovc.catastro.meh.es/OVCServWeb/OVCWcfLibres/OVCFotoFachada.svc/RecuperarFotoFachadaGet?ReferenciaCatastral=2359436YJ2725G,jpeg,NotOfficial,grossFloorArea,173,m2,75.000000000000000,1036.677352910000081,77.750801468250003,10.698510282031201,41.869828710403567,102.473524926206366
1141,ES.SDGC.BU.2359437YJ2725G,2001/11/19 00:00:00.000,functional,1920/01/01 00:00:00.000,1920/01/01 00:00:00.000, ,https://www1.sedecatastro.gob.es/CYCBienInmueble/OVCListaBienes.aspx?rc1=2359437&rc2=YJ2725G,2359437YJ2725G,2359437YJ2725G,ES.SDGC.BU,0.100000000000000,m,footPrint,1,1_residential,1,1, ,http://ovc.catastro.meh.es/OVCServWeb/OVCWcfLibres/OVCFotoFachada.svc/RecuperarFotoFachadaGet?ReferenciaCatastral=2359437YJ2725G,jpeg,NotOfficial,grossFloorArea,124,m2,118.750000000000000,1139.367065429999911,135.299839019812509,18.617257849126201,69.124418148920398,123.548082786898107
1142,ES.SDGC.BU.2359438YJ2725G,2001/11/19 00:00:00.000,functional,1924/01/01 00:00:00.000,1924/01/01 00:00:00.000, ,https://www1.sedecatastro.gob.es/CYCBienInmueble/OVCListaBienes.aspx?rc1=2359438&rc2=YJ2725G,2359438YJ2725G,2359438YJ2725G,ES.SDGC.BU,0.100000000000000,m,footPrint,1,1_residential,2,2, ,http://ovc.catastro.meh.es/OVCServWeb/OVCWcfLibres/OVCFotoFachada.svc/RecuperarFotoFachadaGet?ReferenciaCatastral=2359438YJ2725G,jpeg,NotOfficial,grossFloorArea,209,m2,100.000000000000000,1076.926773070000081,107.692677307000011,14.818512397443200,65.465369195063857,124.129950009203696
1143,ES.SDGC.BU.2359439YJ2725G,2001/11/19 00:00:00.000,functional,1918/01/01 00:00:00.000,1918/01/01 00:00:00.000, ,https://www1.sedecatastro.gob.es/CYCBienInmueble/OVCListaBienes.aspx?rc1=2359439&rc2=YJ2725G,2359439YJ2725G,2359439YJ2725G,ES.SDGC.BU,0.100000000000000,m,footPrint,1,1_residential,1,1, ,http://ovc.catastro.meh.es/OVCServWeb/OVCWcfLibres/OVCFotoFachada.svc/RecuperarFotoFachadaGet?ReferenciaCatastral=2359439YJ2725G,jpeg,NotOfficial,grossFloorArea,82,m2,6.250000000000000,1221.933349610000050,7.637083435062500,1.050862680664600,48.681725699645916,80.877612504757749
1144,ES.SDGC.BU.2359440YJ2725G,2001/11/19 00:00:00.000,functional,1932/01/01 00:00:00.000,1932/01/01 00:00:00.000, ,https://www1.sedecatastro.gob.es/CYCBienInmueble/OVCListaBienes.aspx?rc1=2359440&rc2=YJ2725G,2359440YJ2725G,2359440YJ2725G,ES.SDGC.BU,0.100000000000000,m,footPrint,1,1_residential,1,1, ,http://ovc.catastro.meh.es/OVCServWeb/OVCWcfLibres/OVCFotoFachada.svc/RecuperarFotoFachadaGet?ReferenciaCatastral=2359440YJ2725G,jpeg,NotOfficial,grossFloorArea,97,m2,6.250000000000000,1245.757446289999962,7.785984039312500,1.071351403809400,47.039948334574554,96.307949997730731
1145,ES.SDGC.BU.2359441YJ2725G,2001/11/19 00:00:00.000,functional,1930/01/01 00:00:00.000,1930/01/01 00:00:00.000, ,https://www1.sedecatastro.gob.es/CYCBienInmueble/OVCListaBienes.aspx?rc1=2359441&rc2=YJ2725G,2359441YJ2725G,2359441YJ2725G,ES.SDGC.BU,0.100000000000000,m,footPrint,1,1_residential,1,1, ,http://ovc.catastro.meh.es/OVCServWeb/OVCWcfLibres/OVCFotoFachada.svc/RecuperarFotoFachadaGet?ReferenciaCatastral=2359441YJ2725G,jpeg,NotOfficial,grossFloorArea,66,m2,6.250000000000000,1127.523803710000038,7.047023773187500,0.969670471190600,42.009179186332837,66.300062985048527
1146,ES.SDGC.BU.2359442YJ2725G,2007/05/28 00:00:00.000,functional,1924/01/01 00:00:00.000,1924/01/01 00:00:00.000, ,https://www1.sedecatastro.gob.es/CYCBienInmueble/OVCListaBienes.aspx?rc1=2359442&rc2=YJ2725G,2359442YJ2725G,2359442YJ2725G,ES.SDGC.BU,0.100000000000000,m,footPrint,1,1_residential,1,1, ,http://ovc.catastro.meh.es/OVCServWeb/OVCWcfLibres/OVCFotoFachada.svc/RecuperarFotoFachadaGet?ReferenciaCatastral=2359442YJ2725G,jpeg,NotOfficial,grossFloorArea,58,m2,62.500000000000000,1144.044335940000110,71.502770996250007,9.838781289084000,44.879143101854723,59.026452496571601
1147,ES.SDGC.BU.2359443YJ2725G,2016/08/11 00:00:00.000,functional,2004/01/01 00:00:00.000,2004/01/01 00:00:00.000, ,https://www1.sedecatastro.gob.es/CYCBienInmueble/OVCListaBienes.aspx?rc1=2359443&rc2=YJ2725G,2359443YJ2725G,2359443YJ2725G,ES.SDGC.BU,0.100000000000000,m,footPrint,1,3_industrial,1,0, ,http://ovc.catastro.meh.es/OVCServWeb/OVCWcfLibres/OVCFotoFachada.svc/RecuperarFotoFachadaGet?ReferenciaCatastral=2359443YJ2725G,jpeg,NotOfficial,grossFloorArea,16,m2,18.750000000000000,1194.653564449999976,22.399754333437500,3.082206196281000,16.270059079762326,16.142849999071657
1148,ES.SDGC.BU.2359444YJ2725G,2016/10/03 00:00:00.000,functional,2004/01/01 00:00:00.000,2004/01/01 00:00:00.000, ,https://www1.sedecatastro.gob.es/CYCBienInmueble/OVCListaBienes.aspx?rc1=2359444&rc2=YJ2725G,2359444YJ2725G,2359444YJ2725G,ES.SDGC.BU,0.100000000000000,m,footPrint,1,3_industrial,1,0, ,http://ovc.catastro.meh.es/OVCServWeb/OVCWcfLibres/OVCFotoFachada.svc/RecuperarFotoFachadaGet?ReferenciaCatastral=2359444YJ2725G,jpeg,NotOfficial,grossFloorArea,38,m2,37.500000000000000,1210.895467119999921,45.408580016999998,6.248220610339200,30.572822626153009,37.916784995034483
1149,ES.SDGC.BU.2359448YJ2725G,2017/05/09 00:00:00.000,functional,1910/01/01 00:00:00.000,1910/01/01 00:00:00.000, ,https://www1.sedecatastro.gob.es/CYCBienInmueble/OVCListaBienes.aspx?rc1=2359448&rc2=YJ2725G,2359448YJ2725G,2359448YJ2725G,ES.SDGC.BU,0.100000000000000,m,footPrint,1,1_residential,1,1, ,http://ovc.catastro.meh.es/OVCServWeb/OVCWcfLibres/OVCFotoFachada.svc/RecuperarFotoFachadaGet?ReferenciaCatastral=2359448YJ2725G,jpeg,NotOfficial,grossFloorArea,77,m2,50.000000000000000,1201.165710450000006,60.058285522500000,8.264020087896000,40.174335765856085,77.193875002143812
1150,ES.SDGC.BU.2359901YJ2725G,2020/12/18 00:00:00.000,functional,1920/01/01 00:00:00.000,1920/01/01 00:00:00.000, ,https://www1.sedecatastro.gob.es/CYCBienInmueble/OVCListaBienes.aspx?rc1=2359901&rc2=YJ2725G,2359901YJ2725G,2359901YJ2725G,ES.SDGC.BU,0.100000000000000,m,footPrint,1,1_residential,1,1, ,http://ovc.catastro.meh.es/OVCServWeb/OVCWcfLibres/OVCFotoFachada.svc/RecuperarFotoFachadaGet?ReferenciaCatastral=2359901YJ2725G,jpeg,NotOfficial,grossFloorArea,82,m2,68.750000000000000,1196.538912689999961,82.262050247437500,11.319258114047400,53.983845661779014,82.009665775876371
1151,ES.SDGC.BU.2359902YJ2725G,2020/12/18 00:00:00.000,functional,1920/01/01 00:00:00.000,1920/01/01 00:00:00.000, ,https://www1.sedecatastro.gob.es/CYCBienInmueble/OVCListaBienes.aspx?rc1=2359902&rc2=YJ2725G,2359902YJ2725G,2359902YJ2725G,ES.SDGC.BU,0.100000000000000,m,footPrint,1,1_residential,1,1, ,http://ovc.catastro.meh.es/OVCServWeb/OVCWcfLibres/OVCFotoFachada.svc/RecuperarFotoFachadaGet?ReferenciaCatastral=2359902YJ2725G,jpeg,NotOfficial,grossFloorArea,67,m2,62.500000000000000,1189.727709960000084,74.357981872500005,10.231658305656001,42.191166423895261,66.498869639516244
1152,ES.SDGC.BU.2359903YJ2725G,2020/12/18 00:00:00.000,functional,1922/01/01 00:00:00.000,1922/01/01 00:00:00.000, ,https://www1.sedecatastro.gob.es/CYCBienInmueble/OVCListaBienes.aspx?rc1=2359903&rc2=YJ2725G,2359903YJ2725G,2359903YJ2725G,ES.SDGC.BU,0.100000000000000,m,footPrint,1,1_residential,2,2, ,http://ovc.catastro.meh.es/OVCServWeb/OVCWcfLibres/OVCFotoFachada.svc/RecuperarFotoFachadaGet?ReferenciaCatastral=2359903YJ2725G,jpeg,NotOfficial,grossFloorArea,243,m2,118.750000000000000,1238.099718599999960,147.024341583750015,20.230549401924002,73.582865340789724,146.685238011306751
1153,ES.SDGC.BU.2359904YJ2725G,2020/12/18 00:00:00.000,functional,1922/01/01 00:00:00.000,1922/01/01 00:00:00.000, ,https://www1.sedecatastro.gob.es/CYCBienInmueble/OVCListaBienes.aspx?rc1=2359904&rc2=YJ2725G,2359904YJ2725G,2359904YJ2725G,ES.SDGC.BU,0.100000000000000,m,footPrint,1,1_residential,2,2, ,http://ovc.catastro.meh.es/OVCServWeb/OVCWcfLibres/OVCFotoFachada.svc/RecuperarFotoFachadaGet?ReferenciaCatastral=2359904YJ2725G,jpeg,NotOfficial,grossFloorArea,245,m2,106.250000000000000,1244.186602420000099,132.194826507125015,18.190008127380402,70.849353462350152,135.967595110398690
1154,ES.SDGC.BU.2359905YJ2725G,2020/12/18 00:00:00.000,functional,1921/01/01 00:00:00.000,1921/01/01 00:00:00.000, ,https://www1.sedecatastro.gob.es/CYCBienInmueble/OVCListaBienes.aspx?rc1=2359905&rc2=YJ2725G,2359905YJ2725G,2359905YJ2725G,ES.SDGC.BU,0.100000000000000,m,footPrint,1,1_residential,1,1, ,http://ovc.catastro.meh.es/OVCServWeb/OVCWcfLibres/OVCFotoFachada.svc/RecuperarFotoFachadaGet?ReferenciaCatastral=2359905YJ2725G,jpeg,NotOfficial,grossFloorArea,124,m2,75.000000000000000,1239.204020180000043,92.940301513500003,12.788585488257599,57.337637747373954,123.355533063311512
1155,ES.SDGC.BU.2359906YJ2725G,2020/12/18 00:00:00.000,functional,1933/01/01 00:00:00.000,2000/01/01 00:00:00.000, ,https://www1.sedecatastro.gob.es/CYCBienInmueble/OVCListaBienes.aspx?rc1=2359906&rc2=YJ2725G,2359906YJ2725G,2359906YJ2725G,ES.SDGC.BU,0.100000000000000,m,footPrint,1,1_residential,1,1, ,http://ovc.catastro.meh.es/OVCServWeb/OVCWcfLibres/OVCFotoFachada.svc/RecuperarFotoFachadaGet?ReferenciaCatastral=2359906YJ2725G,jpeg,NotOfficial,grossFloorArea,125,m2,62.500000000000000,1157.108117680000078,72.319257355000005,9.951129812048002,60.319567193187126,104.133323741417925
1156,ES.SDGC.BU.2359907YJ2725G,2020/12/18 00:00:00.000,functional,1920/01/01 00:00:00.000,1920/01/01 00:00:00.000, ,https://www1.sedecatastro.gob.es/CYCBienInmueble/OVCListaBienes.aspx?rc1=2359907&rc2=YJ2725G,2359907YJ2725G,2359907YJ2725G,ES.SDGC.BU,0.100000000000000,m,footPrint,1,1_residential,1,1, ,http://ovc.catastro.meh.es/OVCServWeb/OVCWcfLibres/OVCFotoFachada.svc/RecuperarFotoFachadaGet?ReferenciaCatastral=2359907YJ2725G,jpeg,NotOfficial,grossFloorArea,110,m2,56.250000000000000,1059.934821229999898,59.621333694187499,8.203895516320198,63.542253080819115,109.735930127257888
1157,ES.SDGC.BU.2359908YJ2725G,2020/12/18 00:00:00.000,functional,1952/01/01 00:00:00.000,1952/01/01 00:00:00.000, ,https://www1.sedecatastro.gob.es/CYCBienInmueble/OVCListaBienes.aspx?rc1=2359908&rc2=YJ2725G,2359908YJ2725G,2359908YJ2725G,ES.SDGC.BU,0.100000000000000,m,footPrint,1,1_residential,2,2, ,http://ovc.catastro.meh.es/OVCServWeb/OVCWcfLibres/OVCFotoFachada.svc/RecuperarFotoFachadaGet?ReferenciaCatastral=2359908YJ2725G,jpeg,NotOfficial,grossFloorArea,255,m2,31.250000000000000,1224.288500979999981,38.259015655624999,5.264440554214000,62.761236171855195,128.124274918469894
1158,ES.SDGC.BU.2359911YJ2725G,2020/12/18 00:00:00.000,functional,1923/01/01 00:00:00.000,1923/01/01 00:00:00.000, ,https://www1.sedecatastro.gob.es/CYCBienInmueble/OVCListaBienes.aspx?rc1=2359911&rc2=YJ2725G,2359911YJ2725G,2359911YJ2725G,ES.SDGC.BU,0.100000000000000,m,footPrint,1,1_residential,1,1, ,http://ovc.catastro.meh.es/OVCServWeb/OVCWcfLibres/OVCFotoFachada.svc/RecuperarFotoFachadaGet?ReferenciaCatastral=2359911YJ2725G,jpeg,NotOfficial,grossFloorArea,88,m2,50.000000000000000,1233.890808110000080,61.694540405500007,8.489168759796801,48.123675102574538,85.467584174525058
1159,ES.SDGC.BU.2359912YJ2725G,2020/12/18 00:00:00.000,functional,1923/01/01 00:00:00.000,1923/01/01 00:00:00.000, ,https://www1.sedecatastro.gob.es/CYCBienInmueble/OVCListaBienes.aspx?rc1=2359912&rc2=YJ2725G,2359912YJ2725G,2359912YJ2725G,ES.SDGC.BU,0.100000000000000,m,footPrint,1,1_residential,1,1, ,http://ovc.catastro.meh.es/OVCServWeb/OVCWcfLibres/OVCFotoFachada.svc/RecuperarFotoFachadaGet?ReferenciaCatastral=2359912YJ2725G,jpeg,NotOfficial,grossFloorArea,57,m2,37.500000000000000,1168.222676600000113,43.808350372500001,6.028029011256001,30.400356513614369,57.527095525163155
1160,ES.SDGC.BU.2359913YJ2725G,2020/12/18 00:00:00.000,functional,1968/01/01 00:00:00.000,1968/01/01 00:00:00.000, ,https://www1.sedecatastro.gob.es/CYCBienInmueble/OVCListaBienes.aspx?rc1=2359913&rc2=YJ2725G,2359913YJ2725G,2359913YJ2725G,ES.SDGC.BU,0.100000000000000,m,footPrint,1,1_residential,1,1, ,http://ovc.catastro.meh.es/OVCServWeb/OVCWcfLibres/OVCFotoFachada.svc/RecuperarFotoFachadaGet?ReferenciaCatastral=2359913YJ2725G,jpeg,NotOfficial,grossFloorArea,94,m2,37.500000000000000,1248.613891599999988,46.823020935000002,6.442847680656000,28.688343565845003,47.832175685440703
1161,ES.SDGC.BU.2359914YJ2725G,2020/12/18 00:00:00.000,functional,1919/01/01 00:00:00.000,1919/01/01 00:00:00.000, ,https://www1.sedecatastro.gob.es/CYCBienInmueble/OVCListaBienes.aspx?rc1=2359914&rc2=YJ2725G,2359914YJ2725G,2359914YJ2725G,ES.SDGC.BU,0.100000000000000,m,footPrint,1,1_residential,1,1, ,http://ovc.catastro.meh.es/OVCServWeb/OVCWcfLibres/OVCFotoFachada.svc/RecuperarFotoFachadaGet?ReferenciaCatastral=2359914YJ2725G,jpeg,NotOfficial,grossFloorArea,39,m2,18.750000000000000,1232.568766280000091,23.110664367750005,3.180027417002401,25.963277215011818,39.982881007129592
1162,ES.SDGC.BU.2359918YJ2725G,2020/12/18 00:00:00.000,functional,1924/01/01 00:00:00.000,1924/01/01 00:00:00.000, ,https://www1.sedecatastro.gob.es/CYCBienInmueble/OVCListaBienes.aspx?rc1=2359918&rc2=YJ2725G,2359918YJ2725G,2359918YJ2725G,ES.SDGC.BU,0.100000000000000,m,footPrint,1,1_residential,1,1, ,http://ovc.catastro.meh.es/OVCServWeb/OVCWcfLibres/OVCFotoFachada.svc/RecuperarFotoFachadaGet?ReferenciaCatastral=2359918YJ2725G,jpeg,NotOfficial,grossFloorArea,86,m2,50.000000000000000,1225.566253660000029,61.278312683000003,8.431895825180801,46.829345512666102,75.167529313323428
1163,ES.SDGC.BU.2359919YJ2725G,2020/12/18 00:00:00.000,functional,1928/01/01 00:00:00.000,1928/01/01 00:00:00.000, ,https://www1.sedecatastro.gob.es/CYCBienInmueble/OVCListaBienes.aspx?rc1=2359919&rc2=YJ2725G,2359919YJ2725G,2359919YJ2725G,ES.SDGC.BU,0.100000000000000,m,footPrint,1,1_residential,1,1, ,http://ovc.catastro.meh.es/OVCServWeb/OVCWcfLibres/OVCFotoFachada.svc/RecuperarFotoFachadaGet?ReferenciaCatastral=2359919YJ2725G,jpeg,NotOfficial,grossFloorArea,163,m2,93.750000000000000,1194.387683109999898,111.973845291562498,15.407601112118998,71.402688774940941,143.745005933250184
1164,ES.SDGC.BU.2360701YJ2726A,2019/07/11 00:00:00.000,functional,1925/01/01 00:00:00.000,1925/01/01 00:00:00.000, ,https://www1.sedecatastro.gob.es/CYCBienInmueble/OVCListaBienes.aspx?rc1=2360701&rc2=YJ2726A,2360701YJ2726A,2360701YJ2726A,ES.SDGC.BU,0.100000000000000,m,footPrint,1,4_2_retail,1,0, ,http://ovc.catastro.meh.es/OVCServWeb/OVCWcfLibres/OVCFotoFachada.svc/RecuperarFotoFachadaGet?ReferenciaCatastral=2360701YJ2726A,jpeg,NotOfficial,grossFloorArea,22,m2,18.750000000000000,1195.932006839999985,22.423725128250002,3.085504577647200,20.028160459622217,19.262705951447206
1165,ES.SDGC.BU.2453801YJ2725C,2020/10/29 00:00:00.000,functional,1978/01/01 00:00:00.000,1978/01/01 00:00:00.000, ,https://www1.sedecatastro.gob.es/CYCBienInmueble/OVCListaBienes.aspx?rc1=2453801&rc2=YJ2725C,2453801YJ2725C,2453801YJ2725C,ES.SDGC.BU,0.100000000000000,m,footPrint,1,1_residential,23,20, ,http://ovc.catastro.meh.es/OVCServWeb/OVCWcfLibres/OVCFotoFachada.svc/RecuperarFotoFachadaGet?ReferenciaCatastral=2453801YJ2725C,jpeg,NotOfficial,grossFloorArea,2591,m2,237.500000000000000,1134.000033730000041,269.325008010875024,37.059121102296402,82.602390710722062,414.687592503778433
1166,ES.SDGC.BU.2453802YJ2725C,2020/10/29 00:00:00.000,functional,1975/01/01 00:00:00.000,1975/01/01 00:00:00.000, ,https://www1.sedecatastro.gob.es/CYCBienInmueble/OVCListaBienes.aspx?rc1=2453802&rc2=YJ2725C,2453802YJ2725C,2453802YJ2725C,ES.SDGC.BU,0.100000000000000,m,footPrint,1,1_residential,20,16, ,http://ovc.catastro.meh.es/OVCServWeb/OVCWcfLibres/OVCFotoFachada.svc/RecuperarFotoFachadaGet?ReferenciaCatastral=2453802YJ2725C,jpeg,NotOfficial,grossFloorArea,1974,m2,262.500000000000000,1131.746494839999968,297.083454895499983,40.878683393620804,81.907769900931115,432.966444987205648
1167,ES.SDGC.BU.2453803YJ2725C,2020/12/18 00:00:00.000,functional,1965/01/01 00:00:00.000,1965/01/01 00:00:00.000, ,https://www1.sedecatastro.gob.es/CYCBienInmueble/OVCListaBienes.aspx?rc1=2453803&rc2=YJ2725C,2453803YJ2725C,2453803YJ2725C,ES.SDGC.BU,0.100000000000000,m,footPrint,1,1_residential,14,12, ,http://ovc.catastro.meh.es/OVCServWeb/OVCWcfLibres/OVCFotoFachada.svc/RecuperarFotoFachadaGet?ReferenciaCatastral=2453803YJ2725C,jpeg,NotOfficial,grossFloorArea,984,m2,93.750000000000000,1145.799707030000036,107.418722534062496,14.780816220687001,62.509453692621875,233.404330376828796
1168,ES.SDGC.BU.2453804YJ2725C,2020/12/18 00:00:00.000,functional,1965/01/01 00:00:00.000,1965/01/01 00:00:00.000, ,https://www1.sedecatastro.gob.es/CYCBienInmueble/OVCListaBienes.aspx?rc1=2453804&rc2=YJ2725C,2453804YJ2725C,2453804YJ2725C,ES.SDGC.BU,0.100000000000000,m,footPrint,1,1_residential,21,20, ,http://ovc.catastro.meh.es/OVCServWeb/OVCWcfLibres/OVCFotoFachada.svc/RecuperarFotoFachadaGet?ReferenciaCatastral=2453804YJ2725C,jpeg,NotOfficial,grossFloorArea,1759,m2,187.500000000000000,1155.111946609999904,216.583489989374982,29.801888222538000,91.182585624713909,451.263827490561766
1169,ES.SDGC.BU.2453805YJ2725C,2020/12/18 00:00:00.000,functional,2002/01/01 00:00:00.000,2002/01/01 00:00:00.000, ,https://www1.sedecatastro.gob.es/CYCBienInmueble/OVCListaBienes.aspx?rc1=2453805&rc2=YJ2725C,2453805YJ2725C,2453805YJ2725C,ES.SDGC.BU,0.100000000000000,m,footPrint,1,1_residential,44,22, ,http://ovc.catastro.meh.es/OVCServWeb/OVCWcfLibres/OVCFotoFachada.svc/RecuperarFotoFachadaGet?ReferenciaCatastral=2453805YJ2725C,jpeg,NotOfficial,grossFloorArea,3193,m2,243.750000000000000,1157.187440530000003,282.064438629187521,38.812066755376200,122.385652613606325,711.968505801497372
1170,ES.SDGC.BU.2453806YJ2725C,2020/12/18 00:00:00.000,functional,2002/01/01 00:00:00.000,2002/01/01 00:00:00.000, ,https://www1.sedecatastro.gob.es/CYCBienInmueble/OVCListaBienes.aspx?rc1=2453806&rc2=YJ2725C,2453806YJ2725C,2453806YJ2725C,ES.SDGC.BU,0.100000000000000,m,footPrint,1,1_residential,29,21, ,http://ovc.catastro.meh.es/OVCServWeb/OVCWcfLibres/OVCFotoFachada.svc/RecuperarFotoFachadaGet?ReferenciaCatastral=2453806YJ2725C,jpeg,NotOfficial,grossFloorArea,4011,m2,350.000000000000000,1204.068316869999990,421.423910904500019,57.987930140459206,139.488084752409264,894.297602826336629
1171,ES.SDGC.BU.2453807YJ2725C,2020/12/18 00:00:00.000,functional,1994/01/01 00:00:00.000,1994/01/01 00:00:00.000, ,https://www1.sedecatastro.gob.es/CYCBienInmueble/OVCListaBienes.aspx?rc1=2453807&rc2=YJ2725C,2453807YJ2725C,2453807YJ2725C,ES.SDGC.BU,0.100000000000000,m,footPrint,1,1_residential,37,22, ,http://ovc.catastro.meh.es/OVCServWeb/OVCWcfLibres/OVCFotoFachada.svc/RecuperarFotoFachadaGet?ReferenciaCatastral=2453807YJ2725C,jpeg,NotOfficial,grossFloorArea,4076,m2,462.500000000000000,1111.013435979999940,513.843714140749967,70.704895065767190,139.991055533586007,1021.827253505785848
1172,ES.SDGC.BU.2453808YJ2725C,2020/12/18 00:00:00.000,functional,1995/01/01 00:00:00.000,1995/01/01 00:00:00.000, ,https://www1.sedecatastro.gob.es/CYCBienInmueble/OVCListaBienes.aspx?rc1=2453808&rc2=YJ2725C,2453808YJ2725C,2453808YJ2725C,ES.SDGC.BU,0.100000000000000,m,footPrint,1,1_residential,104,30, ,http://ovc.catastro.meh.es/OVCServWeb/OVCWcfLibres/OVCFotoFachada.svc/RecuperarFotoFachadaGet?ReferenciaCatastral=2453808YJ2725C,jpeg,NotOfficial,grossFloorArea,6919,m2,487.500000000000000,1133.961580720000029,552.806270601000051,76.066142834697615,159.778095230956097,1281.282400254729509
1173,ES.SDGC.BU.2458101YJ2725G,2020/12/18 00:00:00.000,functional,1918/01/01 00:00:00.000,1918/01/01 00:00:00.000, ,https://www1.sedecatastro.gob.es/CYCBienInmueble/OVCListaBienes.aspx?rc1=2458101&rc2=YJ2725G,2458101YJ2725G,2458101YJ2725G,ES.SDGC.BU,0.100000000000000,m,footPrint,1,1_residential,1,1, ,http://ovc.catastro.meh.es/OVCServWeb/OVCWcfLibres/OVCFotoFachada.svc/RecuperarFotoFachadaGet?ReferenciaCatastral=2458101YJ2725G,jpeg,NotOfficial,grossFloorArea,60,m2,31.250000000000000,1072.509045409999999,33.515907669062500,4.611788895263000,38.562045359568891,60.502404999035434
1174,ES.SDGC.BU.2458102YJ2725G,2020/12/18 00:00:00.000,functional,1918/01/01 00:00:00.000,2010/01/01 00:00:00.000, ,https://www1.sedecatastro.gob.es/CYCBienInmueble/OVCListaBienes.aspx?rc1=2458102&rc2=YJ2725G,2458102YJ2725G,2458102YJ2725G,ES.SDGC.BU,0.100000000000000,m,footPrint,1,1_residential,1,1, ,http://ovc.catastro.meh.es/OVCServWeb/OVCWcfLibres/OVCFotoFachada.svc/RecuperarFotoFachadaGet?ReferenciaCatastral=2458102YJ2725G,jpeg,NotOfficial,grossFloorArea,103,m2,56.250000000000000,1169.146748859999889,65.764504623374989,9.049195836176398,38.361205343333054,72.584726886633050
1175,ES.SDGC.BU.2458103YJ2725G,2020/12/18 00:00:00.000,functional,1918/01/01 00:00:00.000,1918/01/01 00:00:00.000, ,https://www1.sedecatastro.gob.es/CYCBienInmueble/OVCListaBienes.aspx?rc1=2458103&rc2=YJ2725G,2458103YJ2725G,2458103YJ2725G,ES.SDGC.BU,0.100000000000000,m,footPrint,1,1_residential,1,1, ,http://ovc.catastro.meh.es/OVCServWeb/OVCWcfLibres/OVCFotoFachada.svc/RecuperarFotoFachadaGet?ReferenciaCatastral=2458103YJ2725G,jpeg,NotOfficial,grossFloorArea,62,m2,37.500000000000000,1108.692708329999959,41.575976562374997,5.720854374982800,37.782361202691298,61.525898117350536
1176,ES.SDGC.BU.2458104YJ2725G,2020/12/18 00:00:00.000,functional,1967/01/01 00:00:00.000,1967/01/01 00:00:00.000, ,https://www1.sedecatastro.gob.es/CYCBienInmueble/OVCListaBienes.aspx?rc1=2458104&rc2=YJ2725G,2458104YJ2725G,2458104YJ2725G,ES.SDGC.BU,0.100000000000000,m,footPrint,1,1_residential,1,1, ,http://ovc.catastro.meh.es/OVCServWeb/OVCWcfLibres/OVCFotoFachada.svc/RecuperarFotoFachadaGet?ReferenciaCatastral=2458104YJ2725G,jpeg,NotOfficial,grossFloorArea,92,m2,25.000000000000000,1098.319610600000033,27.457990264999999,3.778219460464000,51.358698644895341,83.149433010015457
1177,ES.SDGC.BU.2458105YJ2725G,2020/12/18 00:00:00.000,functional,1922/01/01 00:00:00.000,1922/01/01 00:00:00.000, ,https://www1.sedecatastro.gob.es/CYCBienInmueble/OVCListaBienes.aspx?rc1=2458105&rc2=YJ2725G,2458105YJ2725G,2458105YJ2725G,ES.SDGC.BU,0.100000000000000,m,footPrint,1,1_residential,1,1, ,http://ovc.catastro.meh.es/OVCServWeb/OVCWcfLibres/OVCFotoFachada.svc/RecuperarFotoFachadaGet?ReferenciaCatastral=2458105YJ2725G,jpeg,NotOfficial,grossFloorArea,112,m2,81.250000000000000,1145.511530949999951,93.072811889687500,12.806818916020999,59.251003086926616,99.915649997209570
1178,ES.SDGC.BU.2458106YJ2725G,2020/12/18 00:00:00.000,functional,1922/01/01 00:00:00.000,1922/01/01 00:00:00.000, ,https://www1.sedecatastro.gob.es/CYCBienInmueble/OVCListaBienes.aspx?rc1=2458106&rc2=YJ2725G,2458106YJ2725G,2458106YJ2725G,ES.SDGC.BU,0.100000000000000,m,footPrint,1,1_residential,1,1, ,http://ovc.catastro.meh.es/OVCServWeb/OVCWcfLibres/OVCFotoFachada.svc/RecuperarFotoFachadaGet?ReferenciaCatastral=2458106YJ2725G,jpeg,NotOfficial,grossFloorArea,62,m2,50.000000000000000,1109.987129209999921,55.499356460499996,7.636711448964799,37.943545977094089,62.372150008136778
1179,ES.SDGC.BU.2458603YJ2725G,2020/12/18 00:00:00.000,declined,1966/01/01 00:00:00.000,1966/01/01 00:00:00.000, ,https://www1.sedecatastro.gob.es/CYCBienInmueble/OVCListaBienes.aspx?rc1=2458603&rc2=YJ2725G,2458603YJ2725G,2458603YJ2725G,ES.SDGC.BU,0.100000000000000,m,footPrint,1,3_industrial,1,0, ,http://ovc.catastro.meh.es/OVCServWeb/OVCWcfLibres/OVCFotoFachada.svc/RecuperarFotoFachadaGet?ReferenciaCatastral=2458603YJ2725G,jpeg,NotOfficial,grossFloorArea,3927,m2,1650.000000000000000,1177.736852009999893,1943.265805816499778,267.393374880350393,226.067036312129005,1893.977249982786361
1180,ES.SDGC.BU.2459905YJ2725G,2001/11/19 00:00:00.000,functional,1948/01/01 00:00:00.000,1948/01/01 00:00:00.000, ,https://www1.sedecatastro.gob.es/CYCBienInmueble/OVCListaBienes.aspx?rc1=2459905&rc2=YJ2725G,2459905YJ2725G,2459905YJ2725G,ES.SDGC.BU,0.100000000000000,m,footPrint,1,1_residential,1,1, ,http://ovc.catastro.meh.es/OVCServWeb/OVCWcfLibres/OVCFotoFachada.svc/RecuperarFotoFachadaGet?ReferenciaCatastral=2459905YJ2725G,jpeg,NotOfficial,grossFloorArea,66,m2,18.750000000000000,1224.186686199999940,22.953500366249997,3.158401650396000,49.061853284840055,65.174900001452670
1181,ES.SDGC.BU.2459906YJ2725G,2001/11/19 00:00:00.000,functional,1948/01/01 00:00:00.000,1948/01/01 00:00:00.000, ,https://www1.sedecatastro.gob.es/CYCBienInmueble/OVCListaBienes.aspx?rc1=2459906&rc2=YJ2725G,2459906YJ2725G,2459906YJ2725G,ES.SDGC.BU,0.100000000000000,m,footPrint,1,1_residential,1,1, ,http://ovc.catastro.meh.es/OVCServWeb/OVCWcfLibres/OVCFotoFachada.svc/RecuperarFotoFachadaGet?ReferenciaCatastral=2459906YJ2725G,jpeg,NotOfficial,grossFloorArea,47,m2,31.250000000000000,1159.849584959999902,36.245299529999997,4.987353215328000,33.071685970417462,43.034699999999440
1182,ES.SDGC.BU.2459907YJ2725G,2001/11/19 00:00:00.000,functional,1948/01/01 00:00:00.000,1948/01/01 00:00:00.000, ,https://www1.sedecatastro.gob.es/CYCBienInmueble/OVCListaBienes.aspx?rc1=2459907&rc2=YJ2725G,2459907YJ2725G,2459907YJ2725G,ES.SDGC.BU,0.100000000000000,m,footPrint,1,1_residential,1,1, ,http://ovc.catastro.meh.es/OVCServWeb/OVCWcfLibres/OVCFotoFachada.svc/RecuperarFotoFachadaGet?ReferenciaCatastral=2459907YJ2725G,jpeg,NotOfficial,grossFloorArea,42,m2,25.000000000000000,1198.032775879999917,29.950819397000000,4.121232749027200,30.974016569253813,41.216399999979323
1183,ES.SDGC.BU.2459908YJ2725G,2001/11/19 00:00:00.000,functional,1946/01/01 00:00:00.000,1946/01/01 00:00:00.000, ,https://www1.sedecatastro.gob.es/CYCBienInmueble/OVCListaBienes.aspx?rc1=2459908&rc2=YJ2725G,2459908YJ2725G,2459908YJ2725G,ES.SDGC.BU,0.100000000000000,m,footPrint,1,1_residential,1,1, ,http://ovc.catastro.meh.es/OVCServWeb/OVCWcfLibres/OVCFotoFachada.svc/RecuperarFotoFachadaGet?ReferenciaCatastral=2459908YJ2725G,jpeg,NotOfficial,grossFloorArea,49,m2,25.000000000000000,1194.498992920000092,29.862474823000003,4.109076535644800,34.987099274098199,49.188562500939000
1184,ES.SDGC.BU.2459911YJ2725G,2001/11/19 00:00:00.000,functional,1930/01/01 00:00:00.000,1930/01/01 00:00:00.000, ,https://www1.sedecatastro.gob.es/CYCBienInmueble/OVCListaBienes.aspx?rc1=2459911&rc2=YJ2725G,2459911YJ2725G,2459911YJ2725G,ES.SDGC.BU,0.100000000000000,m,footPrint,1,1_residential,1,1, ,http://ovc.catastro.meh.es/OVCServWeb/OVCWcfLibres/OVCFotoFachada.svc/RecuperarFotoFachadaGet?ReferenciaCatastral=2459911YJ2725G,jpeg,NotOfficial,grossFloorArea,56,m2,37.500000000000000,1111.276977539999962,41.672886657749999,5.734189204106399,32.229882198215144,55.517761549694029
1185,ES.SDGC.BU.2459912YJ2725G,2016/08/10 00:00:00.000,functional,1930/01/01 00:00:00.000,2001/01/01 00:00:00.000, ,https://www1.sedecatastro.gob.es/CYCBienInmueble/OVCListaBienes.aspx?rc1=2459912&rc2=YJ2725G,2459912YJ2725G,2459912YJ2725G,ES.SDGC.BU,0.100000000000000,m,footPrint,1,1_residential,1,1, ,http://ovc.catastro.meh.es/OVCServWeb/OVCWcfLibres/OVCFotoFachada.svc/RecuperarFotoFachadaGet?ReferenciaCatastral=2459912YJ2725G,jpeg,NotOfficial,grossFloorArea,158,m2,87.500000000000000,1173.032357349999984,102.640331268124996,14.123309582493999,44.774729618005203,93.313410871564145
1186,ES.SDGC.BU.2459913YJ2725G,2013/05/21 00:00:00.000,functional,2010/01/01 00:00:00.000,2010/01/01 00:00:00.000, ,https://www1.sedecatastro.gob.es/CYCBienInmueble/OVCListaBienes.aspx?rc1=2459913&rc2=YJ2725G,2459913YJ2725G,2459913YJ2725G,ES.SDGC.BU,0.100000000000000,m,footPrint,1,1_residential,1,1, ,http://ovc.catastro.meh.es/OVCServWeb/OVCWcfLibres/OVCFotoFachada.svc/RecuperarFotoFachadaGet?ReferenciaCatastral=2459913YJ2725G,jpeg,NotOfficial,grossFloorArea,157,m2,56.250000000000000,1140.131551109999918,64.132399749937491,8.824618205591399,34.145416057217986,57.648906829609857
1187,ES.SDGC.BU.2459915YJ2725G,2001/11/19 00:00:00.000,functional,1942/01/01 00:00:00.000,1942/01/01 00:00:00.000, ,https://www1.sedecatastro.gob.es/CYCBienInmueble/OVCListaBienes.aspx?rc1=2459915&rc2=YJ2725G,2459915YJ2725G,2459915YJ2725G,ES.SDGC.BU,0.100000000000000,m,footPrint,1,1_residential,1,0, ,http://ovc.catastro.meh.es/OVCServWeb/OVCWcfLibres/OVCFotoFachada.svc/RecuperarFotoFachadaGet?ReferenciaCatastral=2459915YJ2725G,jpeg,NotOfficial,grossFloorArea,85,m2,37.500000000000000,993.315917968999997,37.249346923837500,5.125510136720040,27.195376385822662,42.670283970038582
1188,ES.SDGC.BU.2459916YJ2725G,2016/08/10 00:00:00.000,functional,1918/01/01 00:00:00.000,1918/01/01 00:00:00.000, ,https://www1.sedecatastro.gob.es/CYCBienInmueble/OVCListaBienes.aspx?rc1=2459916&rc2=YJ2725G,2459916YJ2725G,2459916YJ2725G,ES.SDGC.BU,0.100000000000000,m,footPrint,1,1_residential,2,2, ,http://ovc.catastro.meh.es/OVCServWeb/OVCWcfLibres/OVCFotoFachada.svc/RecuperarFotoFachadaGet?ReferenciaCatastral=2459916YJ2725G,jpeg,NotOfficial,grossFloorArea,273,m2,100.000000000000000,1023.846572880000053,102.384657288000000,14.088128842828798,35.967717904280732,72.225671111582031
1189,ES.SDGC.BU.2459917YJ2725G,2021/10/08 00:00:00.000,functional,2018/01/01 00:00:00.000,2020/01/01 00:00:00.000, ,https://www1.sedecatastro.gob.es/CYCBienInmueble/OVCListaBienes.aspx?rc1=2459917&rc2=YJ2725G,2459917YJ2725G,2459917YJ2725G,ES.SDGC.BU,0.100000000000000,m,footPrint,1,1_residential,4,2, ,http://ovc.catastro.meh.es/OVCServWeb/OVCWcfLibres/OVCFotoFachada.svc/RecuperarFotoFachadaGet?ReferenciaCatastral=2459917YJ2725G,jpeg,NotOfficial,grossFloorArea,440,m2,56.250000000000000,1097.084140350000098,61.710982894687504,8.491431246309000,29.772026121465164,25.895221418429202
1190,ES.SDGC.BU.2459918YJ2725G,2001/11/19 00:00:00.000,functional,1952/01/01 00:00:00.000,1952/01/01 00:00:00.000, ,https://www1.sedecatastro.gob.es/CYCBienInmueble/OVCListaBienes.aspx?rc1=2459918&rc2=YJ2725G,2459918YJ2725G,2459918YJ2725G,ES.SDGC.BU,0.100000000000000,m,footPrint,1,1_residential,2,2, ,http://ovc.catastro.meh.es/OVCServWeb/OVCWcfLibres/OVCFotoFachada.svc/RecuperarFotoFachadaGet?ReferenciaCatastral=2459918YJ2725G,jpeg,NotOfficial,grossFloorArea,165,m2,37.500000000000000,936.470916748000036,35.117659378050007,4.832189930419681,3.279043433057473,0.241061074924748
1191,ES.SDGC.BU.2557903YJ2725H,2001/11/19 00:00:00.000,functional,1981/01/01 00:00:00.000,1981/01/01 00:00:00.000, ,https://www1.sedecatastro.gob.es/CYCBienInmueble/OVCListaBienes.aspx?rc1=2557903&rc2=YJ2725H,2557903YJ2725H,2557903YJ2725H,ES.SDGC.BU,0.100000000000000,m,footPrint,1,4_3_publicServices,1,0, ,http://ovc.catastro.meh.es/OVCServWeb/OVCWcfLibres/OVCFotoFachada.svc/RecuperarFotoFachadaGet?ReferenciaCatastral=2557903YJ2725H,jpeg,NotOfficial,grossFloorArea,5763,m2,1637.500000000000000,1214.275628240000060,1988.376341243000070,273.600584555036789,621.662213761597741,2671.263980004186578
1192,ES.SDGC.BU.46900A00600066,2016/03/15 00:00:00.000,functional,2000/01/01 00:00:00.000,2000/01/01 00:00:00.000, ,https://www1.sedecatastro.gob.es/CYCBienInmueble/OVCListaBienes.aspx?rc1=46900A0&rc2=0600066,46900A00600066,46900A00600066,ES.SDGC.BU,0.100000000000000,m,footPrint,1,3_industrial,2,0, ,http://ovc.catastro.meh.es/OVCServWeb/OVCWcfLibres/OVCFotoFachada.svc/RecuperarFotoFachadaGet?ReferenciaCatastral=46900A00600066,jpeg,NotOfficial,grossFloorArea,34,m2,12.500000000000000,1212.171997070000089,15.152149963375001,2.084935834960400,23.371838835870594,34.056949997370317
1193,ES.SDGC.BU.46900A00600184,2016/09/29 00:00:00.000,declined,1990/01/01 00:00:00.000,1990/01/01 00:00:00.000, ,https://www1.sedecatastro.gob.es/CYCBienInmueble/OVCListaBienes.aspx?rc1=46900A0&rc2=0600184,46900A00600184,46900A00600184,ES.SDGC.BU,0.100000000000000,m,footPrint,1,2_agriculture,1,0, ,http://ovc.catastro.meh.es/OVCServWeb/OVCWcfLibres/OVCFotoFachada.svc/RecuperarFotoFachadaGet?ReferenciaCatastral=46900A00600184,jpeg,NotOfficial,grossFloorArea,52,m2,31.250000000000000,1218.595556640000041,38.081111145000001,5.239960893552000,29.091764278156020,51.936974120940967
